694723
14096
3631
3536
4197
3667
2419
4109
3029
4482
3631
5262
4191
4529
5368
4985
4350
4402
5396
7132
5799
4693
4083
5301
3217
4940
4842
6312
7733
13121
6253
6331
4421
5707
3203
3409
6929
6013
4581
3653
3542
8801
4447
7249
6729
6807
4198
3305
3731
4001
4462
3417
4540
5347
6574
3862
5294
4875
8040
3563
5445
6689
4930
6544
106906
6804
45319
3799
5225
3707
2883
5715
3645
6264
5107
4433
2417
2469
2525
2718
17134
1902
3122
5144
2654
9172
4203
2375
2379
1842
1895
11218
1334
1163
868
916
817
921
1212
1471
1239
899
937
975
1114
1044
1465
15717
925
2632
21161
5039
1530
1140
925
963
935
1600
1443
14264
1061
870
1064
909
972
874
979
742
1307
1338
1154
1113
1304
1658
1434
1007
1261
11344
746
1365
961
1239
1268
1037
1325
1355
1148
910
17672
1285
796
1311
1363
1118
1033
899
1195
1261
1036
966
867
1591
1142
2073
1021
1427
3893
1020
1002
1477
1000
885
10531
987
1378
1231
904
1155
1109
895
1023
1523
1170
1320
1161
1145
1254
1366
1206
979
1447
1151
1118
1090
1447
1240
1563
1420
1072
1914
1388
945
888
1580
1005
878
1047
947
998
982
1458
1205
1112
1259
1408
1142
972
1162
1132
1278
1226
1719
1362
1101
889
1443
1641
1383
1329
1174
942
1059
9338
1088
1032
1112
1253
1194
890
2159
1093
1096
1122
1569
798
1262
1132
1446
1167
1224
854
1231
1055
1129
1217
1040
835
1059
1482
1167
795
1441
961
1199
1133
1563
1281
1442
1318
824
1050
1181
1055
1111
1331
831
3215
1104
1344
845
1185
1716
670
1153
870
695
887
967
1086
1033
975
928
909
995
1255
1044
1066
816
1447
967
901
755
900
1224
885
1395
1970
1089
910
1025
847
963
872
1100
1348
1126
1351
1373
743
1423
1300
762
1160
896
935
1506
977
798
974
1385
1059
1206
886
964
915
1155
970
787
753
969
827
953
2203
954
596
742
1111
977
2872
1473
721
4345
1251
1076
932
1268
1010
1151
1039
1210
1078
688
848
670
1208
672
1316
1081
1210
967
1158
1003
2664
3027
1054
1117
1092
2495
1191
940
1255
801
1085
1342
1145
1298
766
1319
905
1040
750
1023
1224
1019
1568
1191
1310
1353
1245
958
963
1076
958
966
1123
1009
1055
862
1009
1147
1300
1079
1203
4111
1615
1093
3891
866
1224
1038
1098
907
957
788
1363
1011
1092
1044
919
1384
858
1050
976
941
1095
658
1196
1264
1048
1102
1151
1202
787
1014
1324
1456
628
2163
1030
1119
1283
967
926
991
916
1271
1086
1170
917
1091
756
929
991
645
1000
759
1023
921
1354
785
1141
1073
1466
862
920
1089
862
894
1116
2394
1394
1121
869
740
1360
1015
1048
1000
1268
1147
1304
1069
1318
1270
1328
745
959
910
1046
2369
915
1100
1223
1326
1057
830
1255
741
1260
1682
1246
1196
974
1265
1014
1438
911
1180
894
1545
658
1172
868
789
1126
3044
1413
821
2407
1314
1331
1191
1501
977
887
1028
1227
1526
1069
889
1319
1069
1331
955
994
1349
1184
1167
1106
995
866
754
1094
1400
1282
1127
1128
1237
918
1256
1015
972
1233
1044
1290
1193
1246
1197
3450
751
1115
954
2542
1242
1176
1406
902
1212
1053
848
1184
1359
1183
1391
1391
1625
1045
861
928
887
1228
1156
971
1288
1194
1206
1494
1503
1091
1547
905
1337
1763
1201
859
1046
947
895
3253
1154
1167
859
912
1145
933
948
1227
1061
1463
1031
1016
679
757
905
1029
1705
1206
3165
960
1073
1556
1020
885
1048
1412
863
879
1585
1152
1269
1188
1108
1037
1172
1113
1174
1009
1091
1837
1613
1003
1434
1320
1484
3773
938
980
1214
1114
1102
1402
1294
1344
1068
914
1204
1002
13929
1010
726
905
728
1058
1027
703
1044
1167
883
4279
1212
532
924
808
758
1445
671
820
1044
986
879
1226
1402
753
957
782
927
734
635
843
1027
1116
1522
2946
917
1015
682
1034
768
1024
735
1043
1211
1158
994
879
959
883
742
821
963
1182
999
2797
907
838
945
894
716
842
1132
932
1120
1131
752
1370
1147
775
751
731
1022
1020
1096
888
913
1143
732
1158
987
1131
824
1209
1342
1336
841
1397
817
909
907
1318
1168
883
1128
5453
983
1048
1031
1432
1538
710
1232
1024
887
2331
896
987
656
953
1138
1130
675
934
911
1214
857
1145
705
1077
1149
1309
1077
1199
803
1058
914
1450
1278
1100
967
701
1148
1537
1263
1155
3645
940
823
1062
799
975
749
1395
1281
1123
875
958
1206
911
1295
848
1041
1374
831
1562
1371
1267
769
1026
1017
1136
1077
1596
830
1095
1222
881
958
1636
998
1035
1873
998
1315
1231
903
927
1108
1098
1134
773
1275
947
961
879
1707
1177
994
908
890
1231
892
746
1120
651
1108
930
2229
1361
1456
882
1047
1095
1135
1053
1021
640
3735
1022
972
743
1824
1136
2448
912
729
1427
848
1221
1058
1388
1222
727
815
1153
1112
942
779
1309
3054
937
833
1668
999
1335
1394
890
1029
1372
1049
1357
675
874
995
601
829
1349
883
1088
1043
908
714
1188
977
840
974
1024
1261
903
939
746
725
1040
691
1505
1162
1688
837
1000
1120
1280
2596
939
1041
1275
1309
781
1294
1827
976
742
1175
1114
1108
1001
1073
1167
896
1078
1170
925
1059
1349
1173
789
955
840
1377
1168
1058
1197
779
1612
1622
1123
1320
1177
2047
1020
1106
1134
1056
1110
1310
1174
978
1348
857
888
1230
1032
1350
1591
709
964
1393
1163
1344
1195
701
1109
692
913
1029
1443
1359
1203
1213
902
868
1762
1605
1374
1187
868
1124
1088
1413
1752
1151
757
1210
1318
685
1395
1044
1340
1233
1219
1096
1142
843
915
901
1012
1010
848
1557
818
1086
1436
1076
1146
1094
1087
1278
5575
1112
1294
1220
923
1355
1493
1002
1289
1311
52526
1623
1258
1089
1713
870
1102
1490
1250
1201
1156
982
1164
1369
940
1029
1366
859
1358
1161
1198
3018
3312
2273
3875
2185
1434
910
1257
1067
1496
1080
1130
843
1358
1093
1163
3200
900
1972
1774
949
4997
9937
8992
8386
500174
1582
1727
1150
1219
1284
945
1809
1325
1236
1162
1348
1208
1486
1199
1291
2605
1307
1067
1326
999
1161
848
766
815
1225
1036
1288
1283
1396
1086
3670
1594
1673
658
989
1340
946
1978
16304
2580
1169
1407
1182
896
1560
894
30733
1059
820
658
913
739
619
752
915
752
592
916
893
637
540
613
694
756
537
1399
737
773
626
1238
724
654
534
846
779
558
3331
822
1020
628
565
610
456
676
687
741
743
424
778
662
700
843
610
944
804
585
719
588
818
1015
751
375
613
703
629
729
531
829
732
823
518
825
641
984
903
675
489
1024
539
755
796
683
793
634
499
748
502
1738
535
623
1020
604
544
590
687
776
632
760
556
789
545
722
555
915
733
739
951
1100
757
877
677
668
808
772
650
796
666
669
576
857
758
721
1006
846
888
668
754
655
1214
593
683
609
2424
1207
699
902
833
564
663
910
787
578
709
654
844
680
577
576
573
452
21113
753
2781
702
587
1046
1100
888
710
759
1688
1020
854
754
1030
544
637
867
592
1026
1091
519
796
557
576
704
548
686
775
841
823
547
869
712
528
444
466
477
463
664
427
453
599
551
515
472
573
4253
667
637
617
482
559
716
491
908
364
855
733
1031
1204
929
914
486
581
2554
1083
940
513
756
621
788
669
396
600
543
647
757
529
700
678
923
920
737
672
601
625
647
741
707
597
859
875
669
542
595
829
996
675
821
778
591
664
649
522
643
760
836
711
616
691
762
608
517
853
701
660
716
773
1118
1280
1045
775
579
810
915
747
815
469
851
572
818
713
534
745
783
966
784
657
829
683
641
608
535
565
663
585
1998
685
442
820
1079
1442
3937
1302
1095
1476
624
618
885
527
641
641
833
563
851
461
3642
582
530
648
744
739
613
767
581
557
825
545
596
1009
610
550
1603
796
731
817
2128
781
945
620
809
617
939
690
736
985
940
968
839
752
709
1670
1134
1132
773
901
977
954
498
673
574
842
608
774
824
723
746
769
657
885
806
655
743
800
895
511
522
1980
1436
624
565
1059
820
842
621
658
678
739
512
925
1842
868
560
1022
3253
1172
1001
957
908
505
1711
752
873
822
638
837
678
900
811
1035
872
446
781
826
725
986
20559
1946
2101
677
732
1087
516
740
579
686
766
1039
661
598
947
813
600
810
869
687
907
984
1088
581
946
1059
1041
709
11816
3302
804
799
730
747
1147
2911
2645
1320
835
605
669
823
903
817
2351
2444
2883
995
898
848
904
599
854
606
706
701
562
603
981
807
612
821
613
779
1013
574
932
975
1120
760
764
644
788
636
878
699
978
931
763
856
801
1495
6173
1849
1346
947
1489
3786
2581
3061
2122
1566
810
801
1121
749
2171
1294
804
3880
645
735
2122
665
1038
823
925
649
448
757
800
848
994
797
1036
7486
1758
681
696
844
6031
1028
699
719
854
815
700
730
761
980
575
3940
559
672
518
428
1108
5480
1796
1329
1237
1407
482
1162
841
548
605
563
768
478
1023
921
779
730
775
495
758
556
1059
977
674
837
612
529
838
706
975
943
703
697
757
749
809
755
1170
820
673
616
51834
3733
29124
851
786
800
648
1117
476
696
897
786
832
623
586
865
912
834
973
533
472
626
814
1043
2938
1209
809
832
1156
797
687
848
836
706
773
560
647
3578
1720
2307
1422
1092
638
1401
728
560
551
662
895
813
843
648
859
556
585
565
674
828
689
672
559
993
3534
1819
7980
1221
1818
879
717
1010
553
891
836
810
833
701
918
988
1109
783
680
589
592
698
489
826
940
1063
977
1039
1411
660
682
642
1072
714
767
867
808
479
496
752
618
560
545
802
618
680
742
920
812
741
460
1014
1151
916
521
794
813
838
658
635
550
688
690
933
915
858
1400
573
780
2779
787
907
1069
809
800
1143
946
994
979
766
777
569
796
727
858
668
672
690
682
512
697
672
739
1089
797
829
787
3268
551
640
813
880
797
780
625
861
720
823
839
740
978
526
788
1024
918
1010
603
646
680
763
1128
935
881
923
819
692
734
1058
850
623
1037
2910
1042
793
1351
1151
545
629
946
1397
796
853
925
714
1100
972
1811
1481
898
8718
870
979
543
788
613
642
1121
889
848
1090
3878
7529
1885
2454
6073
2383
1383
2238
2399
1081
877
573
772
906
1597
733
1092
954
669
765
869
979
706
713
792
907
1378
911
1060
778
1043
1203
970
4596
3386
3399
3549
935
787
889
1006
934
697
889
691
893
721
696
3005
1876
904
707
605
944
992
978
695
2010
3486
5711
5767
1967
919
1169
753
831
616
1014
940
965
1256
1137
844
735
1056
942
1102
947
728
5573
4799
1940
1012
1055
663
748
859
937
1072
767
672
2384
1110
1298
2254
709
1289
915
897
860
696
1549
734
946
866
672
991
747
694
795
849
1152
1041
943
788
752
613
471
675
1401
1009
881
954
812
1421
928
815
1014
1006
710
1011
879
732
687
771
691
790
883
753
980
875
940
893
483
782
1058
1137
730
2407
2854
686
26553573
1384
1341
1013
1211
1131
1241
1017
816
1048
863
809
722
782
1067
592
688
723
997
595
789
958
940
844
829
1052
680
1037
1414
916
768
672
691
1010
861
1021
876
1000
1006
798
827
1058
1433
706
667
862
1034
922
916
549
1043
909
718
1055
964
847
874
972
776
672
17322
979
700
1109
796
1280
733
711
869
899
772
662
755
1092
819
637
677
949
705
809
652
857
636
966
843
899
755
715
480
755
869
719
563
746
827
718
747
709
1093
784
948
979
975
964
708
698
733
1225
885
876
1087
1247
782
989
916
717
913
511
860
948
731
746
648
653
650
935
978
1047
1044
782
1125
1014
703
927
997
1003
1061
580
688
22008
2502
2235
895
728
830
906
493
506
1056
816
1347
695
861
544
970
490
1031
1217
480
581
920
817
615
901
829
898
856
625
811
1137
983
914
2848
1739
980
493
972
967
976
866
1567
2442
939
2743
2110
1106
799
1151
1156
42813
1164
914
1425
1149
811
815
5290
6569
1040
1358
1158
1694
1733
3240
5906
1342
4104
1434
863
823
710
2942
833
757
835
492
738
777
1323
1053
1271
1004
1108
2270
1288
921
899
1160
1161
737
767
1184
1248
969
1446
3252
1391
785
1889
974
867
1176
1043
1027
1082
1021
958
792
623
869
1325
891
868
977
747
1125
786
1133
1049
1013
675
1247
796
675
660
628
927
4004
1574
1454
1134
931
1202
1239
1166
880
923
1009
809
590
953
820
959
959
932
1253
1000
1055
952
759
1010
854
741
730
905
894
855
959
570
1014
877
997
703
1132
523
895
706
1579
995
1032
949
828
817
4062
1008
1157
837
919
929
761
984
759
344
1031
1032
800
1044
911
800
849
1257
896
725
3693
1728
1102
589
902
921
1356
1312
881
1074
1224
884
561
686
1178
1010
1099
1038
1082
2896
3135
1092
907
1217
892
881
649
1897
3684
12815
2879
2265
999
838
860
758
816
726
881
619
1015
747
995
878
971
1102
714
4012
1554
1944
954
1340
2359
1245
716
1385
2739
2657
2902
1921
574
1026
854
995
7270
512
1004
765
793
1057
543
824
753
724
1061
725
837
949
1089
976
1213
868
1219
870
746
682
735
930
658
982
859
914
1120
1325
1172
1093
1526
1286
985
3433
1198
1824
944
1340
878
1192
1072
1116
561
663
843
849
951
1074
1404
1244
1046
1183
1167
1047
721
1077
848
764
652
763
834
873
1070
1046
785
788
1202
859
1222
687
4449
2385
1366
3159
2081
2363
6987
930
1014
980
1040
831
709
756
1105
603
1097
1131
959
741
864
701
820
844
692
903
510
772
852
613
819
867
679
672
934
717
854
1004
1127
948
1710
1497
1161
948
1443
932
1052
1147
786
741
777
960
986
870
898
900
829
1928
916
2541
1159
913
656
924
1301
2449
934
1063
939
962
1494
643
1058
711
1059
1087
838
595
820
875
1279
983
840
1058
963
864
501
1672
1472
1383
791
580
703
721
1006
605
1041
1139
721
1106
939
753
563
952
957
1054
923
711
648
1030
1238
751
1213
1135
966
724
997
763
677
924
626
780
564
650
786
469
682
849
677
813
736
926
604
816
577
1206
748
858
890
595
1127
487
880
629
748
736
631
1255
989
948
949
1383
1162
1038
888
927
1090
635
835
965
968
1336
817
823
751
773
758
890
1082
1062
743
1068
1170
901
1371
1267
1003
1141
1063
1268
17808
577
1864
892
1063
799
669
740
1296
900
768
837
1568
1576
1244
1408
1023
695
618
991
1057
1548
598
977
1332
751
725
887
807
1983
1137
967
1054
800
991
1311
1581
1237
1317
2961
1712
1202
605
381
546
1087
794
308
1117
765
828
1136
674
668
793
611
580
492
884
755
995
524
823
613
786
584
502
528
690
807
698
576
524
586
492
831
866
399
473
629
710
565
855
885
720
587
481
650
875
858
1264
920
651
1003
810
278
910
693
481
534
1032
413
1556
1882
731
3191
801
1672
662
1055
760
1087
865
825
623
1104
800
431
924
1103
846
626
627
749
525
712
795
716
1311
853
628
669
628
651
622
880
564
531
582
410
1027
482
786
1000
571
850
380
715
944
506
551
771
664
640
572
795
557
683
899
755
589
727
1597
804
696
1013
500
855
966
672
466
925
820
640
846
554
845
469
386
711
816
649
826
353
508
441
547
577
762
674
704
577
754
695
662
551
423
581
604
419
583
715
560
509
502
704
716
390
551
494
712
633
636
548
514
550
1443
680
591
677
899
560
668
426288
1267
566
693
523
680
730
451
449
750
613
642
719
759
708
1039
444
545
1037
1151
467
578
743
995
756
541
794
526
905
685
571
517
706
562
555
747
811
542
764
695
661
628
792
589
536
866
902
817
527
623
684
490
573
912
490
616
850
748
694
872
848
1006418
1132
933
701
872
634
890
646
933
852
542
997
465
395
559
546
801
553
372
518
624
927
811
605
670
894
643
643
946
722
871
775
616
770
798
709
781
1142
548
941
548
780
705
591
1133
778
837
622
491
730
543
713
809
739
601
684
925
647
483
692
812
983
1094
909
907
738
642
491
575
813
462
1070
836
767
843
667
750
656
578
749
637
1017
1058
650
457
727
939
823
1152
946
635
636
873
828
579
792
971
845
726
613
741
595
545
605
526
746
733
911
867
666
482
540
584
867
645
693
829
597
596
26141
751
478
586
572
543
776
970
6334
10265
596
601
987
1039
825
682
880
531
771
917
1342
35398
872
494
747
863
836
668
811
616
960
600
1322
978
828
717
549
652
606
647
864
936
766
822
1225
403
963
893
1127
689
852
795
766
914
551
885
635
714
780
660
792
655
842
806
617
557
781
715
902
833
927
719
676
758
573
547
515
808
683
930
1115
748
604
619
676
790
864
1246
668
528
911
601
1253
644
525
1018
817
897
801
572
824
827
1009
575
932
790
724
727
987
679
1002
464
921
639
684
750
624
636
811
947
734
694
696
1787
807
766
876
843
1293
655
1127
1034
1086
847
792
1293
880
944
937
621
661
913
715
1138
1090
773
657
791
481
1211
1675
813
873
861
794
1123
1109
512
770
1185
782
577
682
509
720
963
756
745
1187
712
416
930
1088
940
1303
905
398
541
872
560
737
992
598
720
661
567
15987
1262
1705
914
558
644
21476
1986
87713
1826
1215
2892
895
536
1042
656
482
649
884
1001
736
865
934
659
763
706
598
1003
791
1285
728
815
546
1119
975
1515
602
664
1136
458
644
727
562
1263
752
645
587
774
798
671
1069
859
842
533
724
1198
729
686
543
510
627
650
480
388
722
698
375
802
740
897
1026
1847
1102
1026
1402
660
725
877
806
1494
625
648
985
938
908
670
827
836
842
562
589
752
847
1181
789
690
1009
776
805
811
689
698
737
703
599
562
926
1024
1717
973
743
1015
1073
493
804
517
1163
611
468
805
605
840
870
1643
811
808
1034
867
946
771
831
1143
591
647
761
952
768
522
849
1326
981
809
737
645
599
935
608
923
1002
591
684
1176
845
1411
874
570
747
762
1146
657
911
859
954
563
793
868
787
1136
703
5138
1012
809
1157
865
730
963
945
881
649
1032
866
753
1020
1057
1032
846
1217
1286
987
980
810
690
896
772
711
683
637
676
700
762
1241
952
805
772
910
807
513
1125
739
898
578
796
584
953
450
643
870
542
6858
643
704
553
11602
889
718
576
1203
757
786
669
810
893
793
1070
843
1167
785
402
776
975
693
548
620
575
819
1007
856
1680
478
913
816
765
767
865
1142
628
961
603
705
475
1025
689
2223
1778
994
922
730
835
919
853
1195
1027
1129
818
862
621
928
1010
1226
786
1338
933
892
872
1033
581
680
748
633
774
805
629
816
592
946
592
66137
1669
883
1186
948
1231
1074
1029
851
937
1093
876
728
576
1086
789
751
752
1058
789
963
1065
1356
1524
1097
915
713
1250
1385
785
957
798
690
968
634
722
883
1106
739
822
799
590
770
1207
1107
640
715
694
964
690
742
992
730
821
857
844
759
705
919
550
945
758
905
745
675
703
1260
837
621
1018
884
666
686
440
540
948
658
2429
1198
4672
1126
973
748
1388
1515
1197
784
659
1046
840
841
1057
807
773
1098
1129
967
781
874
629
560
1126
969
889
1032
798
1272
727
840
699
551
1068
1017
1050
898
774
977
692
728
1001
877
14080
2198
3058
1090
783
1056
1400
1265
1169
674
762
889
947
2648
2149
1769
1140
1121
841
533
724
991
1369
689
759
1194
847
696
538
889
921
925
765
621
797
1017
852
753
659
1069
852
751
784
644
979
1097
771
663
988
1020
1008
907
887
762
698
1013
1288
488
1081
2188
1018
919
552
1056
1403
942
466
930
1067
1121
759
1003
749
1237
828
1039
659
1335
1526
596
1209
1116
1624
2252
1276
1356
574
569
628
667
582
508
1013
687
986
802
559
692
892
722
738
573
925
1718
1111
913
1202
1906
1702
872
1085
917
1329
1057
1008
835
989
828
1273
1038
1211
1100
845
1359
935
911
990
1724
934
908
1141
797
981
964
451
501
1095
508
641
768
1460
958
1217
685
919
1870
955
542
709
764
681
705
814
899
866
844
885
791
761
687
892
913
570
585
682
753
792
884
1020
1270
920
1541
1746
881
1086
668
526
960
662
1044
732
863
543
719
1000
893
1217
1155
1145
1483
918
809
895
626
927
566
725
476
442
1029
735
1526
1268
1086
1119
1240
1108
1116
636
930
547
1247
1118
931
940
850
902
989
938
708
890
1113
758
986
839
724
383
2498
804
930
1022
899
1074
1039
802
656
960
1230
1055
1087
1016
1086
806
2282
973
796
804
943
1222
2090
887
982
719
916
1138
904
1243
1281
649
1226
659
1066
784
945
1250
1168
646
1045
553
918
1143
669
1171
898
816
959
1113
976
717
1120
788
1172
690
728
956
886
1015
1259
671
626
1269
884
1329
998
800
764
1223
1376
662
1002
950
969
760
856
1309
934
1051
1099
934
1023
1234
566
796
1104
827
3294
652
666
663
1012
1211
845
1335
962
1109
1303
1019
1190
648
911
1370
897
765
751
2040
611
957
966
1215
785
1131
646
1009
905
983
724
1960
20604
2524
1306
775
1381
862
895
1194
921
1018
1077
870
803
1248
1210
787
905
1254
615
929
840
783
546
1002
978
978
655
721
1373
903
1000
1028
750
1198
959
1241
864
1292
1067
671
1195
881
949
1074
1054
899
795
765
808
1551
819
1631
1303
717
868
1155
1068
969
1751
1293
835
463
1188
1124
1007
667
1378
836
815
1013
989
975
1037
869
777
1451
1154
1261
519
2032
1286
1113
742
963
699
692
1017
1020
731
2902
2852
1120
781
1203
834
1258
656
1250
877
1061
622
924
853
970
816
906
654
1223
1263
1991
1157
1267
1391
1806
642
1172
895
868
1111
1860
1663
824
873
1154
990
1328
1190
1074
925
1298
990
1271
996
835
627
551
1226
752
814
805
483
1177
1336
1303
922
964
1030
1208
971
1010
1012
1578
986
854
1047
879
7360
940
8769
765
1179
832
754
671
774
1159
1074
896
967
1125
858
1263
1308
1060
1051
1117
912
1230
1141
737
812
1032
730
931
1116
695
908
3407
963
1317
1327
1236
644
1023
1257
689
1206
844
1154
563
689
7615
1038
664
2308
2130
931
2068
1112
968
813
1196
969
1166
1190
825
793
1063
943
785
802
794
935
1050
902
1152
721
904
1202
1101
629
1809
1945
746
733
1248
1472
1047
754
869
675
682
1291
1165
1424
1104
1393
969
946
3907
1256
1416
1243
1132
915
860
632
561
1337
945
1132
1001
870
785
953
971
729
864
718
867
1438
947
527
906
1346
749
1216
1158
2206
1220
1101
877
837
995
760
1137
903
711
738
859
1401
748
679
727
676
720
1165
858
722
1116
961
570
1486
2242
1246
1202
872
680
888
1348
1377
782
1044
926
999
1250
1308
1557
1097
1368
1327
852
1716
2253
1695
960
893
1625
613
598
476
999
833
855
995
869
1162
1066
829
632
946
806
3606
1156
405
897
889
1036
1053
816
646
757
839
861
747
801
829
1026
1168
608
857
1243
966
775
1024
1144
869
1001
821
855
1445
1234
898
1094
1213
1738
1214
1853
1511
955
56870
1853
1257
1334
1063
1048
897
1187
1013
1049
1289
671
1122
948
389
825
2467
1176
777
915
1011
643
1054
837
867
945
899
838
945
1029
856
787
977
1051
674
1490
907
797
1071
768
621
904
733
1012
833
964
987
759
895
424
1164
1108
1247
923
824
1130
1099
993
967
884
718
809
1045
845
922
774
1349
1007
1057
1941
582
659
512
797
1388
1218
1322
986
662
648
973
743
950
928
908
816
885
1077
1339
821
870
411
421
997
841
849
897
1303
1645
1121
915
925
908
898
852
906
715
629
992
839
932
1077
1710
2163
1436
919
1016
1060
875
900
758
1244
1117
695
916
1027
1416
973
912
1162
926
801
916
979
842
1001
1062
986
721
773
1275
730
834
1161
961
999
993
748
897
934
809
728
1242
866
1442
838
802
825
891
986
735
1282
862
1258
1361
873
895
911
1275
706
714
1060
1032
630
1049
982
873
1219
2139
958
3503
795
1248
1019
1163
536
805
675
534
763
867
1408
1038
2628
779
875
1150
1312
794
950
605
760
1100
2127
1308
661
1125
1902
1240
1152
997
1077
747
1671
898
1077
831
1243
970
492
850
17978
2173
1051
1285
622
1230
1249
1655
1801
1133
1105
1212
1154
836
1311
912
1027
926
1336
837
839
940
945
1301
1165
1217
1013
798
1271
855
1046
676
1483
923
1695
973
1398
1014
718
1301
975
1731
807
989
2730
1935
3075
1104
1711
1090
2353
1168
1311
1499
1328
954
903
1241
1077
871
644
1565
1751
1425
1120
4013
2797
1606
1188
1353
1060
1578
1169
559
1060
1208
1500
1736
742
2796
1109
961
1324
1420
1679
1860
1714
1869
1257
618
1181
1717
1226
955
1091
1351
654
692
918
1126
1905
1642
1652
1304
922
772
1091
2324
1209
1323
2622
1203
979
780
1249
1237
1536
975
1039
975
2237
1165
1353
985
498
1173
1059
1280
902
1087
1371
1532
2170
910
909
1147
953
863
1260
1353
1096
1128
1297
963
1189
1548
1007
1478
1345
1116
1304
1512
1066
953
2898
1584
984
1439
1063
1473
989
875
1223
1488
1105
855
1177
1252
1159
1797
1322
597
935
1000
1756
1255
1038
1250
1131
1612
980
1417
886
1042
1273
1300
1271
1213
753
1272
854
1231
1131
1187
1772
1121
1132
1482
1374
1495
1210
1030
860
1078
995
921
766
721
1503
915
1021
845
1002
1313
1320
1179
993
1196
1595
817
980
1218
845
1023
898
930
962
752
1932
1594
1139
850
872
1123
1026
1235
1162
1071
1100
835
1176
960
994
1674
1087
1196
510
1953
1459
1042
807
988
1660
1589
1178
985
1160
825
2101
1397
2057
2191
1612
1027
965
1526
1372
792
1263
742
1041
939
809
787
906
1924
1386
1240
1267
1312
1405
834
1275
973
1156
1063
1019
897
1056
879
1579
1273
1479
843
1329
1149
1347
965
1388
1119
980
1157
980
708
2223
2536
1131
1316
1397
1082
933
1437
1490
1250
1047
862
898
1146
1355
1028
962
983
1138
1142
867
1182
1409
2096
1583
1435
1211
1018
1351
1051
880
1346
1138
1020
9879
1040
1336
1669
1020
1261
922
898
1307
1820
1312
1144
1563
494
814
914
1413
1285
1472
909
1703
983
2876
898
1561
1379
905
1138
5963
1033
833
849
787
1130
946
1328
1434
705
1529
1028
1010
1353
1552
1187
1149
1481
2106
1059
1596
1052
1614
793
2147
1244
1690
939
796
1226
1804
889
1120
1158
1356
1342
954
745
1144
1282
1462
1207
1318
1063
1530
1146
1032
888
736
1057
863
939
1223
1195
1813
1376
1308
925
710
2222
2660
1325
1886
1528
568
1301
1285
1113
2067
2430
4093
1520
1149
1024
548
937
1507
750
1042
1217
1268
975
489
1101
1231
941
1057
1294
813
1518
1895
1641
998
1573
1102
14073
1261
1704
720
804
1045
887
1125
2779
2183
2755
2983
1538
1376
1464
985
1207
629
1138
1050
2464
1319
1160
1730
1501
1562
1639
867
2069
2285
2036
1628
1709
1239
898
1428
6438
1640
1120
2627
2280
2567
1000
1269
910
1050
13295
1669
1021
1575
915
919
1259
3248
3374
1486
1540
1480
1331
1095
987
950
1013
1424
1326
967
1347
1542
1134
1147
930
714
833
1047
844
942
983
645
1648
1500
1563
851
1201
1052
1267
1425
1034
1598
1128
919
1597
1124
1416
1237
1313
1148
10131
1294
9875
2252
1068
1385
1240
968
1314
1131
1328
821
956
712
813
1299
1073
1284
1075
744
1270
1171
842
505
1293
5160
2113
1635
1878
1256
3394
1223712
2292
1842
1057
1118
1289
1152
1338
945
982
907
1291
856
1327
1477
1269
966
1047
1065
712
1203
1084
792
1505
1060
880
928
1111
963
1196
1104
1134
1160
1314
948
1598
1770
2238
1922
1175
1188
1342
1045
918
1342
1343
1281
1204
1330
817
1645
2115
1820
1218
1255
3171
1403
1784
1588
1370
977
1075
767
1037
1226
1018
1045
1529
1113
1562
1193
808
702
768
1040
1069
1473
5542
1115
977
1424
845
731
957
1220
1160
893
1067
1221
797
992
1595
1634
1277
1187
1325
798
1028
1318
665
1044
932
696
1046
1145
933
1089
950
804
997
837
5123
1935
1930
949
1332
975
1105
1272
1338
1228
1443
1202
1055
1007
2169
2093
1394
1750
1505
845
971
967
1133
1585
1323
450
1076
1216
1632
2640
3553
1103
2277
1647
1193
1758
1000
1063
1254
1602
1429
1165
1511
1073
1002
1616
925
1550
775
1161
761
1333
1461
1478
1450
1326
1817
1442
1048
1841
1277
997
1577
2203
1486
1492
1363
778
1179
1392
1389
1282
946
1516
1129
1769
2043
1951
1858
1474
884
1013
822
2129
1495
938
1573
2194
1505
1670
1099
1728
934
1353
1138
1308
743
889
955
1869
791
1485
926
2015
1678
2008
1496
1646
1161
1273
1644
3059
2031
1033
1733
1201
1355
1315
1041
1015
595
1109
1952
917
1252
1011
1164
1275
1675
1191
1149
1224
1228
1523
6601
4187
1496
9711
6127
1147
958
793
1243
824
795
1311
1934
1803
1084
1153
6334
5824
3580
1562
1160
1317
894
1683
5371
1285
1669
936
1789
982
2385
1455
1910
2034
2774
1130
862
1023
1450
1239
1049
1083
2555
1311
1970
1257
780
1086
1036
1054
1204
861
627
738
2138
1717
905
1232
1277
931
1185
1435
1483
1568
1758
1148
722
1648
1025
1387
808
1223
1061
1225
1145
1380
1130
1483
1373
1154
999
1551
1382
1186
1613
1234
1301
1029
824
1918
3316
1869
1379
1131
762
1088
1533
1397
996
1185
2693
1031
905
1406
1351
1354
1161
567
1563
1007
739
1202
1461
877
742
1035
1412
1224
1046
1053
1449
1190
981
1605
1125
1038
867
802
811
1065
2172
1017
1103
1097
650
1031
1024
817
1079
954
1421
1651
1458
1287
1169
916
1294
1549
2484
1083
1237
1001
2942
1064
1211
963
1131
1175
766
791
860
1012
1284
1669
1303
651
1063
952
1327
910
1530
1320
1082
1266
2150
1910
1331
1183
1176
1787
1444
988
1059
1441
876
1129
1139
1065
3850
1177
870
1335
1012
1545
1598
1128
1403
2797
6072
1807
1617
846
1733
1591
2464
2312
1900
1463
2362
2935
1056
1300
1256
1488
1018
1151
1011
14870
1465
1661
1320
1516
1280
2485
3041
2266
853
1680
963
5306
1358
868
1421
1171
1160
1306
1163
9108
2872
1397
1436
1870
1321
1410
1226
1721
969
921
1604
1072
1496
1548
786
920
859
1276
1790
1320
1510
1202
1003
2040
1175
1116
1486
1392
1149
787
1366
1119
1358
1110
1486
1312
1056
946
954
3448
1397
1228
6800
1731
1005
871
942
791
1185
1080
1451
638
2074
1178
1151
1390
891
1278
848
834
1286
817
3163
2028
2033
1459
4916
3045
1080
1279
1319
1260
1068
935
982
1094
819
683
1504
1373
1532
959
1976
3398
2082
1138
1381
1000
2672
796
1480
1176
1329
1244
3361
979
1185
8625
978
1043
688
1141
1887
1448
1378
1348
1451
1740
1388
2509
792
1322
1269
1072
2581
2477
1272
2910
2486
1391
2649
1269
1541
1475
7525
4439
2412
2973
2775
985
5927
1147
1748
1115
761
1086
1733
1046
1042
1340
1470
1749
1733
1428
999
1670
1119
1813
844
1421
1171
1531
1540
1490
885
1044
1311
1395
945
1311
739
1064
1058
734
1035
1149
1055
2658
1255
1303
829
1599
1540
814
1049
856
1683
3800
3196
1411
2246
1502
8511
1722
1059
787
602
502
631
700
2736
2962
2953
908
911
1603
1762
989
1081
1213
1650
969
2025
1578
917
1250
1295
1382
1312
1658
1084
1281
1068
1346
19381
1421
2578
1094
1401
1669
4050
1104
904
1381
1411
1229
1199
1218
1208
2975
1255
1361
1441
796
830
1005
1909
1213
1266
966
1116
1376
1058
811
1355
1110
1072
1731
1297
718
731
1354
1160
1083
9332
3292
1735
1491
1078
1422
760
3466
1506
1132
1401
1577
1558
1108
2304
1512
2028
1004
1572
1301
1523
1479
1368
1148
2672
1213
4727
8717
1909
2159
1182
2098
7337
1612
1192
1775
1592
1641
1352
1607
1232
1290
1235
1166
1017
994
16418
3470
1201
1908
1035
1170
1311
2079
1253
1047
2840
1706
2013
1967
1574
812
1270
1207
1374
1395
2330
1559
792
1191
1026
888
1426
1236
958
1354
2025
2423
1245
1147
1110
2778
9116
1071
1014
2249
6547
2387
1659
1103
1421
1038
970
1842
1586
5489
1647
1468
2526
1278
1290
1305
1114
659
706
1802
1206
1414
6806
1376
1138
2081
2501
2240
1172
2069
1230
1331
798
19598
4853
1412
3318
1680
839
1075
1342
1055
869
908
1395
1154
1286
1497
1583
1426
1302
972
1003
1714
856
2189
992
1258
1730
1823
1789
1633
1600
1109
10657
706
1282
2382
1658
1372
2910
2671
2209
18830
6169
1037
720
1543
1894
888
2066
1142
1149
921
1208
989
1837
1057
990
704
1180
776
872
3965
2935
1908
1392
1529
1438
1572
1760
2283
1874
1002
733
1061
1416
1798
1956
911
806
1328
873
578
754
738
946
956
1429
727
837
1963
1945
1272
768
1280
733
1591
777
618
1917
1160
775
890
628
2095
1061
1505
3020
979
628
1995
1047
1172
1746
1411
637
725
1640
1264
1287
1141
601
517
1278
1092
2709
1107
1127
835
1504
1505
1113
1182
1133
935
1093
766
796
800
812
1107
1269
991
1066
1366
1214
1288
1191
1034
995
1380
1823
1818
1402
1088
1326
829
1060
2070
1584
1216
1392
990
947
737
720
604
952
1436
1495
1673
1121
984
991
1490
6661
1779
1364
1478
859
976
2263
1051
1023
1192
916
1358
723
45296
1213
1891
1666
1128
1001
1086
755
764
528
1019
979
985
1599
1150
1010
591
1260
905
596
911
948
514
892
882
1021
799
1216
1319
1531
983
3422
2557
1175
1531
1188
839
1562
1067
1405
3825
3099
2178
1263
2638
2497
1982
3844
1554
3890
1618
2174
1661
2285
1315
985
1559
1085
1394
1111
1071
1133
888
373
774
1035
1685
1177
892
1231
1195
1822
50700
3505
4420
4114
1681
1677
702
615
950
1011
817
1346
1270
1092
997
776
1238
4374
845
324
519
1378
634
1445
1233
1286
1241
1180
722
983
669
1848
3444
2214
1253
1491
911
625
824
1670
1385
1310
1008
1159
1518
1839
1434
1339
2356
1427
1063
1990
2709
1720
1902
1206
957
1809
1703
658
1671
1056
959
793
1195
1108
3252
717
1193
2051
1443
1699
1105
817
816
971
1443
1740
1086
977
1328
1037
1248
1058
1453
815
957
1428
1208
1311
1349
1285
634
2103
1162
1343
909
999
686
1523
1073
2193
932
1510
1173
1326
1131
2725
1159
1307
1357
1238
1261
852
866
922
1122
546
876
600
511
605
958
652
885
1353
974
1291
914
586
760
539
915
1114
765
778
1176
929
1129
1244
829
1449
2469
1611
1802
667
1300
793
1433
719
751
748
1077
823
849
698
893
1008
643
1015
914
1784
747
633
757
728
569
592
1012
664
1420
1283
8213
919
2516
1668
1656
1229
1448
2567
1382
964
736
1089
855
1252
1647
2078
933
1087
1165
1383
1224
1000
2104
1981
1277
1869
1235
688
725
943
1093
799
1020
926
1405
918
799
1360
1365
983
882
1474
2122
2458
1241
2032
1371
1404
1955
1587
1233
1367
1745
1327
1167
1379
883
1080
547
655
834
1161
1036
426
806
447
987
1300
1054
731
883
953
808
1031
581
1760
1298
1189
1509
1188
1654
1259
1156
1129
1535
1353
1042
1132
1243
870
925
1265
1389
1307
1003
1302
1493
888
2464
1418
1170
1214
1055
1428
1680
1129
2018
827
1174
1255
1054
627
642
621
965
1241
1481
2434
1229
936
1124
841
797
1714
1880
1662
1112
1380
1616
2726
1509
1624
2150
1653
1126
739
960
1281
1357
5735
1125
1506
2166
1707
1742
1182
1117
2721
3013
1751
1893
1503
1190
2409
2688
2448
1759
2108
1147
7516
1793
1842
1410
1529
2230
3893
5329
1890
554
943
841
1118
895
1151
855
731
946
917
827
701
1082
1328
1092
1313
1815
1093
1427
1762
1414
1396
1494
1075
1352
3703
1825
1527
1133
1409
2478
1216
3235
1611
1219
2019
1207
999
1039
2760
1392
1073
1717
1446
1254
1515
4518
1304
981
1676
1067
1898
2158
1652
1699
968
1033
652
1191
1507
2410
2033
1421
1464
1490
1715
1194
1073
1030
1507
951
1277
1792
7082
1132
1081
958
1080
993
1162
1337
1401
1077
1038
1114
1596
1343
776
1153
1384
1079
1082
947
1601
1224
1148
1282
1256
1414
1363
1053
1393
1660
1130
1605
1749
1283
2898
886
457
805
1042
993
862
1062
683
1071
1657
1109
1498
1923
1354
1144
893
1405
3037
1255
1011
788
756
1185
873
659
618
581
1381
620
1529
671
723
1383
1382
1320
1312
649
1232
1029
875
1162
1192
1453
1460
1712
7538
781
1658
1368
885
827
591
1256
687
738
852
901
920
961
1012
1935
1496
2261
1139
858
1229
967
1032
1506
1088
1111
1034
975
966
1275
825
1221
807
601
835
678
1225
1119
1819
1209
1295
1068
1005
1035
1123
1443
1106
940
845
922
531
955
873
1105
1139
811
744
1162
879
1196
996
978
1100
768
781
1217
659
902
840
1277
885
1763
2475
954
1601
1528
1743
1444
682
632
938
888
955
914
1050
1300
1202
1237
1532
973
1187
1341
747
1429
1311
1082
1288
1531
1079
2268
1176
1420
1316
1159
1365
949
641
1019
883
1005
1362
1124
1456
1123
1521
1101
689
1084
956
1225
1405
1212
854
1648
1906
1179
1037
1201
1271
751
991
1238
1349
717
535
690
709
641
529
1278
817
1389
771
987
1125
1204
863
821
724
1051
643
829
800
473
522
845
802
1616
1309
565
505
741
508
729
785
413
940
796
783
636
946
627
999
847
877
896
508
905
487
533
625
945
403
823
508
492
375
893
869
892
616
590
671
755
728
654
673
521
510
690
916
728
886
1484
1492
1111
1376
1120
1426
1130
1277
754
741
1035
1253
688
1124
1030
924
1434
1197
1497
1226
1133
1311
1330
939
1011
1855
1108
1091
778
1461
1074
1594
1607
1373
949
888
937
693
810
811
896
636
792
562
484
644
1020
1088
661
697
559
558
822
963
593
957
1402
1414
1438
3968
776
852
986
1777
518
362
509
1693
778
636
743
679
901
645
709
395
722
950
618
1085
576
815
591
909
619
739
438
874
808
1367
1119
807
931
1165
955
252
651
1824
1334
1081
867
19648
1380
477
825
1654
1554
1595
1315
1143
1517
1836
4099
1984
1178
1222
997
1127
1096
430
751
1032
993
656
743
1111
1002
1096
1227
870
1732
1159
