97825
13730
1695
1419
1524
1760
1980
2127
2148
2115
2372
3722
3080
2993
3043
3260
13503
3988
3874
3968
4392
4045
5415
5237
4503
4674
5633
4600
3954
4418
3676
3468
3761
4091
3611
3417
3843
3734
4197
3987
6520
3883
4297
7468
6455
5842
4463
3999
4041
4117
3950
5465
4312
4299
5818
5158
4832
4977
8893
5994
9274
6264
6945
5200
5336
9373
6582
6894
5868
6401
3788
688009
6597
9931
7627
8438
6235
6646
7048
7041
7530
6779
7172
9862
7650
7328
8457
8186
8130
8060
8434
10980
11048
9065
8850
8923
9357
8997
9243
11084
9381
8558
9086
9377
9446
9270
77120
35748
46894
16875
16332
20226
7378
3517
3215
2649
2766
6280
3762
3284
3318
3194
2441
2998
2750
2448
2770
5021
4857
3941
3315
2888
2815
2784
3695
7811
4605
3376
2735
21483
3220
2823
3407
3184
3282
4339
3894
2748
2717
4435
3483
4792
4011
4024
5131
3685
3534
4835
3911
3644
3591
3811
4697
4435
3887
5252
4362
3921
5013
4197
4179
4636
3509
4893
5233
3751
3737
4250
4020
3955
3955
5420
6346
4376
4301
5579
4499
4367
4505
4836
5183
4917
5290
4668
6002
4899
6229
5854
4326
7410
6159
4976
3988
6672
4762
4489
4364
4735
4717
6749
6959
4880
4850
5240
8088
4752
5804
5397
4634
5476
4875
18938
5422
5712
5213
4972
29777
8170
5218
4954
5238
5295
6404
5515
6186
5757
5950
5835
5627
5557
5844
5796
5736
6119
5710
23475
5132
6677
8615
5933
5268
5754
5260
5603
5851
6920
5833
4624
7975
6713
5685
7060
6062
5781
6164
5784
5500
7110
6355
5784
5677
7543
6557
6319
13483
7251
6079
6057
7932
6444
5939
7660
6444
5732
9240
7356
5903
6372
6447
5823
7092
6404
6162
6444
7458
6594
6040
6451
8332
6786
6602
6271
6409
8586
6850
6604
8316
6886
6224
6521
6513
7982
7585
7142
8300
7134
8309
6349
8099
7994
8306
8035
7402
7619
6843
40476
12515
5890
8870
7135
7125
9675
7801
8717
7403
7262
7340
6605
5494
5650
5933
6895
8158
5790
5287
14205
30059
7633
29942
11164
7680
7612
7870
12215
7972
8756
7933
7606
8745
8270
8456
10783
7791
6386
12114
8494
8519
15792
8664
8411
7728
8073
216204
15124
8559
8253
9002
9151
10051
44757
8561
9250
9277
14309
9146
8836
9035
9126
7949
8820
8958
8703
7969
9659
9026
8703
46607
9887
9919
9391
8256
9308
9905
14024
9634
9116
9016
8839
8738
8073
11679
8911
58262
13728
359339
10126
7229
7393
10808
8337
65528
8575
7957
7878
8702
9418
8358
9580
8798
8679
9429
9149
8648
9761
9367
8356
8808
9537
9461
11889
8898
57581
9260
9300
9968
8379
9417
28058
11469
12847
9246
11931
9832
9314
9528
10296
9307
50844
9642
11020
9278
9957
9879
8945
10344
9729
10343
9899
9488
9932
10195
10238
10334
10921
14838
9870
10663
11570
10898
50533
23111
11535
10428
12361
76257
11350
11998
10049
11797
10519
11382
9328
10575
12851
11801
9248
12548
9020
9224
9805
11706
11279
11030
10766
10440
11132
12966
12011
15895
14099
11104
10333
12217
10004
11399
12355
12398
11456
11261
14329
11840
12584
10520
11047
13449
11511
62139
11549
10671
12390
19147
5468
6303
5599
5804
8198
7849
7349
6586
5633
5584
5352
6719
6131
21801
9418
7185
8235
6422
6493
6829
5437
5763
6507
6329
8801
8420
6743
5664
8378
6223
5695
8471
6058
6260
8794
6838
7546
7594
7262
6346
5710
6569
6775
8962
6578
6277
7969
7185
6789
7136
8714
7341
7084
6013
6887
7707
6233
9883
7528
7602
7221
7746
6490
7138
7786
5874
5547
6780
9370
7670
9921
10075
7513
9067
6849
6484
8052
28523
8926
7684
6889
8811
8130
6236
6270
5930
6205
8878
7674
6988
7644
7379
8464
7822
7185
6351
6537
8249
8156
7553
7214
6942
6840
8709
8009
7937
7230
7089
7750
6196
7743
9413
7037
8302
8000
7887
7513
1125954
7563
6017
8416
9227
12156
14669
9420
8989
6735
8986
7644
6654
6895
8690
7269
6857
7974
6627
31667
9127
7420
11495
8658
8150
7710
7155
7232
7711
9925
6674
7643
7353
8604
7657
6952
9413
7498
6872
9289
7851
8101
9590
7238
8171
7222
7787
10762
7816
7890
8365
7917
9110
9460
7854
7398
9258
8532
7538
7698
9123
7998
7189
8580
7862
10685
7030
8733
8793
7012
9732
7959
9198
7846
9707
10174
8199
8563
8639
8218
9243
9477
11204
8339
8249
8993
11039
9125
8874
9237
8899
8708
9359
7650
9165
9709
8072
9777
9299
9396
10277
9090
8147
10097
11791
10221
9192
10925
10154
7992
8010
13916
9611
9169
10310
8776
9148
9276
19766
10848
8413
7978
11341
7607
27652
7835
8629
12655
8922
8797
9384
10546
9978
9233
9637
10291
10089
10314
9350
8789
9881
11062
8956
8830
8137
10757
9652
10283
8407
10981
9810
10244
9964
9237
9168
8832
9640
10162
8949
8765
9626
9914
10684
11137
10896
8177
9938
11572
12282
9937
9665
10533
10379
10613
10544
9756
8653
11469
9610
10426
8688
14228
16499
11692
8575
10742
12339
11359
23942
12769
10709
10029
12715
10864
15733
11899
11810
10272
13393
16173
10632
10979
11696
11361
11789
11304
9481
10809
12944
10953
13165
10570
10603
15433
11182
10932
10255
112250
20196
11243
9381
11965
9845
10244
12356
8224
9074
11545
9848
10410
10611
38787
12617
41176
13088
17264
11084
13187
12213
12010
13040
10925
11786
11848
10967
10389
10723
10792
12275
10079
16629
12597
171095
11448
12744
10905
10692
12687
9934
11085
12472
10615
11201
10266
12464
11396
10580
10473
10952
9969
10460
9325
10271
9735
10485
11015
11351
11473
9911
10692
9299
9472
10823
12300
56823
29834
39213
18516
11706
13216
14172
10623
11115
12618
13368
11780
12080
10562
12195
11917
11942
12399
11599
13692
12861
14824
13175
12918
12410
10350
10453
11073
22516
14802
13223
22441
18685
26485
13426
16565
12543
12418
23583
21776
13206
12658
36069
42842
12337
12657
14083
13015
14007
15826
11073
14002
13716
13309
13041
45285
13169
11926
15169
14146
12709
13237
12932
14637
15406
11943
12579
13191
13214
13959
12002
14269
12669
12906
13540
13589
31766
18084
14859
13404
13141
13718
13419
13186
15039
13557
11636
35954
16680
14148
13701
14839
16080
14103
14606
14578
13095
13675
14356
12976
12697
14269
11892
14613
14067
13179
17325
17316
13617
13448
16444
14509
16905
14058
14090
16432
14855
17532
14496
19686
12680
13600
15904
340693
18754
17368
18013
15191
14791
14368
12920
14843
13854
13856
13001
14393
14477
13601
13844
13751
14044
14641
12843
31071
3941822
249814
67269
102214
30799
16612
16607
13952
14836
12632
12294
12676
16874
14990
15720
11743
15116
13352
12981
12911
125799
121788
153631
129781
156663
50320
51493
25042
26699
18517
24247
18563
15371
15395
14822
34136
22839
15248
23852
15433
810079
18343
32983
12809
17475
12833
13352
11027
13732
12793
11098
13695
19253
23820
16566
158553
66300
25878
18691
15958
18688
15047
20392
34671
162675
31581
30380
25233
19380
17656
16965
30693
28049
18679
17857
28839
17036
14185
14132
14508
15435
13453
15158
13894
13713
15428
15792
15684
15205
15454
73927
14837
14692
14412
24772
28557
16857
15336
15204
14661
14188
15898
16790
14524
15526
15233
13497
14337
18522
14522
20875
15333
18427
15595
14334
15078
13266
14343
17300
16207
16653
15653
15924
28594
17853
16106
16923
17479
13881
15675
15606
17593
16461
17816
16657
14981
16323
17844
76216
14766
17915
16982
18063
14531
17538
16792
16670
16243
17488
17362
15829
15542
15953
18563
14528
33208
19132
15198
18126
19673
16384
17470
15562
15423
16716
18999
28007
17500
37027
18213
16123
17119
17019
17292
16322
17331
17441
17621
30848
15762
17736
18792
16535
15790
17419
17186
17958
72825
19564
15819
17336
18719
17068
16303
17974
18746
16694
4670973
68500
24645
19151
19267
18928
18344
29794
21732
18732
17857
18288
19169
18667
17380
26187
18380
25279
26327
22748
14340397
32462
21049
33320
16630
17092
18215
44388
1339883
52957
16944
18157
18503
17591
16657
17703
16270
60675
16533
19700
16275
16606
15449
18043
24542
18272
18459
17348
15031
17234
15109
15495
15400
17207
15026
17717
17644
15655
16613
16801
15873
18187
17369
16770
20748
19041
17651
18768
18169
16515
19289
19531
17282
19597
19391
18799
16424
18021
47421
25996
16952
18191
18640
107522
66082
21240
15719
16174
16248
14763
15024
14939
15143
15821
15730
19714
18254
16815
17652
18686
16919
17938
17331
18796
17208
16894
20030
16564
17817
19085
17802
18084
18052
17852
18009
18259
17909
17189
16772
17281
17383
18365
18865
18728
21877
19734
17241
18828
16119
19906
17924
16062
17995
16861
17477
17383
73280
47537
80376
23837
20602
18652
19399
23899
22994
17416
20241
21515
19557
19697
19501
20930
18792
19707
107425
59913
37623
41050
27909
21489
54179
33708
38984
39346
47106
127702
30289
24769
21182
19254
240542
81465
64250
32263
51136
20346
20179
19852
20017
18908
19694
18001
18273
19161
18544
20201
19728
20732
17006
19122
17401
21447
20628
20488
20574
22402
20381
20487
19974
20003
18769
19355
51158
34740
19334
606589
46636
20915
20592
19945
20472
20932
17947
21356
21305
60033
41152
21688
21357
20794
68985
55595
23442
24580
24776
23402
24074
24878
25837
23527
22619
21137
22127
22074
20638
19460
21171
23192
19753
21349
21517
23555
32454
24616
22472
22562
877947
72924
24785
20740
21452
20019
19524
20166
20845
20877
21517
25176
42310
616524
37924
20340
20339
4624495
25002
23027
19370
21595
21399
366443
28625
23437
23401
23880
32611
26260
19148
18825
20016
54243
24954
21470
20599
19980
36410
4007495
141339
73186
31600
22725
21157
21132
19829
19750
19190
20163
19388
21273
18300
71219
26449
22249
21985
23334
21903
23833
25278
25374
24547
28400
22054
25402
23941
10296447
185853
38615
28595
22889
22455
24117
207388
3125725
72113
47671
26510
24759
34129
32156
24838
118266
141404
5353295
73255
56333
26692
23158
22321
20203
21590
19996
21014
19501
21035
21719
21653
21050
21755
20383
22164
181271
27192
25686
101127
50222
31353
25916
24308
24312
22543
24432
21534
23685
24902
28479
24472
25318
50526
5287075
65395
58472
38533
52248
150238
116830
127477
126822
86291
37874
26589
24122
32554
1941208
86941
35437
25754
22680
21125
710212
46980
25658
26013
143098
37149
25937
27952
27239
20888
29157
28851
25813
1044780
182046
30402
20988
22585
21966
26139
23383
22783
23616
24036
23424
24645
23217
24969
24147
23767
20712
21653
22350
23089
124792
13292566
98326
80107
63377
24350
30354
27682
25090
25471
30530
26099
27660
25462
24899
25243
26166
23450
24516
26651
25118
24473
24748
24930
25769
25458
25580
24541
24998
20892
23359
23711
26449
24316
22434
26473
82392
31440
28097
27007
27170
26196
29663
518630
66504
72509
29614
24822
25291
25055
27035
24647
75345
26456
24602
22325
23688
25956
23128
24261
23891
25319
26055
25377
24150
26928
1850100
44944
37294
23816
30338
26626
26391
25366
25721
23406
27435
24920
27415
1788726
100468
256101
365485
30131
26908
25965
25191
29472
25265
28029
25351
27173
26155
25735
27432
26620
26475
25770
27171
26445
25254
28031
26667
26159
9477587
99714
6562991
392671
68008
62829
27828
27825
24648
24442
26733
28105
23185
30423
30176
49539
24360
22542
26093
23549
24184
28640
23402
23399
24703
105625
35628
86757
479870
26451
25516
24166
28547
25692
25831
26447
26288
21928
23261
25300
24592
24336
26682
26103
24113
24439
24299
26864
25435
25923
23416
26320
27569
25113
24897
25781
26104
27332
25907
24598
25689
26428
25906
26360
28222
23948
37510
28962
26552
1275993
45656
29934
34621
33639
28757
29507
28565
82198
48654
31031
34799
28762
29177
27245
25479
25340
26381
26068
24823
25492
30554
28875
27460
26815
27571
28367
59723
8062462
36956
28206
27455
24992
31688
26371
28602
28154
27639
25069
23895
24133
22497
24447
25045
46765
28768
28171
28160
27704
28617
26937
249689
37672
29941
28425
27717
26858
27554
26744
27721
25895
28875
950783
31840
53706
46371
30166
31044
29884
30461
39726
35673
44943
34844
36366
32699
94888
118044
76276
61807
25369401
65158
40851
39019
27446
26172
25868
37383
34039
32961
88330
166777
183731
1479448
257712
529257
131305
94169
298440
104062
84650
41992
29739
27568
26966
426663
31664
27455
28708
28586
30030
28136
26771
28589
28412
46071
55679
132697
39890
29645
46108
36628
77437
30943
156294
145245
154163
153956
34421
33023
30698
31063
31567
28211
30715
29384
30074
30000
29834
4840242
101287
40761
30704
28606
28176
44491
32453
31598
90430
172506
337783
315938
624064
56212
57947
33136
31431
31250
942814
41332
47543
32183
32815
31842
32694
29530
29208
33992
33246
30218
17529750
604550
135109
43877
29680
28038
29719
35164
31416
28503
30313
26674
1542661
85052
59403
140157
36828
29868
36126
31799
31792
31445
366407
55157
41433
38784
37730
29122
30419
27572
31573
29458
31331
28760
28322
25767
28179
29744
26851
29708
64618
32230
27551
28030
29038
90217
62720
53592
30143
29937
30171
30372
26841
30619
30238
26608
29267
30745
29018
30816
29961
35718
37735
38507
38884
33521
31963
32272
38864
101749
924168
76030
32973
201092
45405
38506
149661
62670
35314
34212
36389
40231
41015
35340
32572
29144
29436
31195
28318
33075
34180
31500
33221
29221
30704
30297
30160
30079
30956
45637
101374
59306
43723
39214
31515
33598
32733
32100
31943
35751
38296
36728
35008
80589
124213
33292
29795
31186
28608
31488
34721
31415
61980
51164
31400
42852
36291
33623
30629
275665
37813
33622
32722
33169
32685
40428
30658
140723
74840
55858
38705
36377
33209
32162
31413
32166
32764
28935
30662
33165
31264
28901
32256
32139
31946
33968
32054
29925
30827
32402
30892
30418
30207
29153
32529
32463
34852
39329
34486
39929
38753
34393
58231
115263
40737
43869
53828
37144
33413
52258
66065
50383
62322
63332
47950
40712
32649
34426
33376
33011
33665
34466
33215
32380
34380
33554
42297
35012
48460
64939
43076
36316
40550
41539
40005
36243
35938
48862
33974
85177
71828
49069
13071873
133771
40288
35499
34554
34878
34399
32528
2072897
118323
102135
78704
40030
37809
35265
39293
34472
37670
36516
36434
33638
35125
35074
34900
37386
34086
32244
37450
33169
34240
33906
34084
2738786
135739
35989
32639
35710
34004
36220
33892
143690
915653
157169
467580
107277
31679
34880
33838
136177
550232
143531
87539
80252
49740
34480
39101
263418
402110
61628
49337
52984
86285
100959
195251
215838
125308
331620
111678
83553
41668
38589
39247
36975
37640
39403
37923
35985
34734
95999
123354
58398
35402
106529
338724
73683
44876
36679
55084
43837
37202
36188
42088
36460
48040
588170
18566374
66823
35680
73447
51864
37394
63593
41779
34029
33737
35751
32245
34799
37409
32405
74796
58348
43740
40530
39505
44552
36929
39833
37460
32745
43662
41743
52138
38341
35236
36484
33452
33900
116382
48514
55761
35421
50315
73202
52657
64099
35903
34764
32930
38177
109622
41578
38500
45018
38366
45042
36621
36959
36209
34232
35851
40988
40405
384577
38924
33794
35676
35240
34538
36243
43115
63604
62089
98183
76347
77464
78895
847372
61890
38344
39944
37507
35834
40811
36582
38754
37441
38792
36316
34490
37219
38438
35097
35998
42454
39093
38479
37480
35219
39985
40738
112275
39546
6627555
124633
45620
40853
41371
39459
78912
59339
47363
41547
41620
41217
41330
38333
44732
46678
38273
142934
49176
201332
710192
97561
80551
77908
43914
41677
38809
84162
171528
358653
219058
97533
59175
40887
42582
39464
41147
40730
45517
42551
47809
49002
57982
49936
50676
53463
48729
345700
322320
58975
67897
77622
55013
66024
49830
51908
283678
261379
4042239
228176
104056
59790
43955
38468
101832
101897
87942
52588
38956
38296
37527
32349
39755
37955
38619
38472
38842
110177
83419
41113
38631
38466
38867
35427
37661
37197
37996
37717
35251
38744
39226
38753
38872
70552
49171
126051
122722
61376
40153
164454
118434
83721
48488
57769
50641
41922
65975
51045
39293
38064
45321
40945
39862
39389
228049
70272
49269
46672
47202
44301
49994
43815
51266
51893
45109
40754
36835
41188
42218
39896
41851
47673
47059
38493
38894
41799
5197867
169085
62630
7123353
136544
1598006
413453
88367
56634
39914
38146
41292
35579
41625
39676
40389
40150
42437
38063
40789
37442
39254
43641
42466
39545
39802
37000
38235
40202
39873
35729
36826
40887
39547
41078
36738
66580
53001
40407
41920
252350
70426
65825
50752
43986
48235
44811
126856
50966
44524
50209
43304
39771
39618
39800
39315
38841
155836
106205
121310
107495
54418
50530
50836
43301
2113731
59696
49848
41347
42561
737504
54152
45587
47053
84804
66389
45764
40112
35698
43332
45436
42783
42765
44079
41440
41909
38286
135674
108210
74996
49093
41237
41694
38579
36371
42340
49555
47912
49054
40931
44099
44888
42611
43030
41851
41310
49000
49725
53217
45037
47684
45288
49682
46511
45002
42826
41581
59153
65693
50367
43889
40779
41938
38587
39541
38383
40609
37943
38384
36733
37034
40726
38303
39070
40688
36401
39032
40977
86319
75252
132898
54494
42961
41320
50002
48916
45566
44972
43364
47871
46429
47244
49350
46201
45272
48877
46697
43647
42579
44803
46194
42586
45975
41746
40561
40176
40127
38459
44240
44066
49918
48130
46144
76382
52062
55468
70346
67879
65733
64382
70356
64479
86745
56434
52297
55928
53725
57251
100569
59956
58604
53348
122587
109940
65867
49641
58026
54289
46475
48266
49757
44773
49712
51530
145593
51815
49647
45004
44134
520134
61893
77864
63142
47409
47453
47418
259064
166789
158850
1659681
98230
35658
18466
18147
20811
17497
17036
34461
19062
26690
19297
21082
18989
18881
17741
17012
17420
17088
14366
17901
30677
21022
18697
17210
19711
18206
18480
21046
20047
16355
20628
19729
19107
17607
20189
19817
16522
18072
20398
19158
20125
19579
17466
16049
19465
19053
18498
19912
33277
19744
16287
17460
17641
35450
19176
20616
35872
53173
37286
48948
38935
38420
54398
20807
42753
32570
79098
262527
23078
23825
20752
947293
31788
21204
20622
19398
19147
16105
23383
26534
20225
17959
17446
18985
15628
20127
14560
21818
15239
19723
17254
17378
17944
20406
16277
19322
17982
18972
18790
19829
17262
19214
17907
25391
22926
20337
20667
17392
20357
19948
20348
17520
16599
19866
19789
17192
18737
20823
29920
37880
20855
21425
552071
31790
24091
27112
22321
21292
19591
18408
19324
16100
21392
20911
19113
21006
16691
20937
20011
19595
18493
20977
20655
21784
18837
20541
17720
19069
17379
20193
21351
21215
15967
16602
19315
17096
18905
19744
20748
18331
18175
21911
16624
19312
21282
18748
19858
16614
20286
19790
17618
21797
19098
15644
20602
21395
59104
22203
16430
19700
22019
19346
82053
5817735
44396
18758
21433
19353
21976
16175
22987
21324
22556
16373
17476
17221
17627
20911
16569
19166
21496
20420
19058
22982
19661
26755
23442
20567
25206
23212
22735
19622
24373
21721
24778
17619
23656
21352
23161
22096
24617
27745
20814
24061
22687
24423
25072
21731
24686
19645
18612
23181
20677
24071
24080
22977
24475
23535
22692
37523
25722
24212
22802
62716
24891
60184
21514
24539
23511
19297
22672
21519
21726
21356
24418
21722
23156
19175
16209
23811
20545
21014
17812
20405
22305
21122
24297
21803
23602
27474
21845
24906
21367
27437
23948
21637
25448
24124
24244
22468
21806
18349
23136
24672
16920
18979
21294
23788
42078
31668
33673
26522
27165
23643
26019
20134
25217
25309
25688
20495
24696
22098
24016
22569
22713
24308
29845
37830
31494
25698
26547
22130
23166
20394
22732
27330
23450
23765
23356
23576
31099
22811
25274
19719
21533
25079
28250
19668
21902
23622
356316
27773
23909
33888
23131
24585
24372
22669
25704
21990
25398
21735
35888
55832
25565
24308
19788
20901
24918
25059
24621
26087
25161
24464
25151
26087
25595
23400
46852
26689
25396
28301
50499
36092
38347
39142
29206
60178
36897
51251
48038
42672
69981
26505
23524
23443
26687
26184
24596
37247
28803
21031
25645
348891
29268
25080
25998
28450
24830
28164
24200
24297
24993
29268
29094
39734
31405
26616
25079
22123
25398
29837
28702
26633
27287
49593
36977
33710
27296
27775
26896
27979
28098
25963
28424
21440
25273
28065
23880
27565
27102
26870
22913
25763
25245
25975
25440
27975
25738
25745
23908
26399
20225
25266
26958
26750
23460
24847
24060
25451
26917
26413
29029
23674
27037
28872
23170
28220
29680
27299
24927
27908
25786
26191
23340
91636
28294
28360
593119
38830
28267
25578
24429
27087
25268
25176
27764
30146
27036
27676
27634
28897
24714
26086
25332
22974
26098
28018
25719
23605
28503
26547
27751
22749
24317
63860
29421
31889
26505
25463
29667
46205
44017
43223
33074
28700
33060
29699
26394
29224
31775
22130
27801
27135
26829
26066
32387
28232
27501
29696
29507
28487
127983
51518
33291
33714
27931
48114
36673
32214
31726
31907
29211
30441
29783
30208
23795
30180
26297
28793
28252
107953
35061
32120
24473
30670
29025
1009949
100768
32280
26821
23878
26249
27897
25045
28661
27835
25641
26798
2619188
97868
53244
66639
73548
55236
52072
9165472
34633
864249
63911
321388
34597
30886
29826
28671
27013
28640
27131
36396
30247
26819
31433
29073
31970
24447
30586
27927
29205
80963
45196
24750
24317
125187
151413
323776
41361
36069
29723
27937
35366
30875
25351
28733
27781
27859
25505
23141
28794
26057
32786
27687
29552
29643
29929
24174
29006
23312
23845
23710
21852
22824
21750
24187
22950
19579
22924
74682
71817
202143
77956
76053
42065
37040
30541
26593
29124
30467
28604
24007
29495
27196
30266
30029
26856
24365
31459
29370
31143
26769
28146
31071
29857
27184
27289
28556
29796
31608
30658
29875
30984
28877
28389
28803
26975
29724
30299
30973
116385
67027
41076
34850
29038
30254
29703
29564
29970
29315
31641
29148
25663
139081
31190
957528
44110
36934
32642
31551
30587
32792
30661
29431
33755
31295
31653
30323
36488
32092
30826
26877
30360
25668
28992
29602
26545
31034
31279
32279
31558
31142
34554
42928
35988
35000
27574
32440
32420
33980
36288
31968
35569
44281
44840
35249
29640
31204
29488
36624
34656
112807
127637
70412
41817
37657
34686
38468
47717
39932
36216
31528
30026
31299
32309
32153
27051
33481
66198
92857
57260
33568
32993
31062
29981
32718
27802
28229
31828
31054
28697
55314
89240
35668
31256
30835
33730
33167
31066
24513
32827
279488
30742
29235
28212
32859
28733
32754
31894
30586
32410
72210
61311
822361
83766
121093
31786
31339
85655
47804
31297
33633
44383
59078
39990
31793
33584
27673
26020
34397
33740
33917
31648
32824
52734
64845
66366
35528
525917
180757
70402
46162
40330
34594
28880
33536
32908
34134
36931
33125
34812
34346
27414
33124
8136050
157402
55370
39277
40819
42792
34175
50890
54885
64920
40528
46597
45723
34317
36749
37464
42401
35717
76259
77785
59360
32541
57882
41417
31160
34264
32243
58372
31744
34062
32582
33594
31778
29240
158142
5713097
40093
35416
33667
33825
34164
33908
31866
33890
30845
33398
33984
30348
34425
32186
32262
33727
34542
34530
34016
67050
92419
98237
72142
32753
31104
68967
52955
38713
32411
29482
46549
31282
37379
37648
35760
36140
30477
34349
35319
35545
47174
42965
38708
29307
31608
36114
27869
36932
30761
35665
32049
34998
35489
32181
31830
31667
32634
39783
32409
32345
32898
28757
35228
54263
33707
36466
33803
63292
33118
27126
25509
28341
29917
26548
28105
665077
149483
259708
73054
52520
51791
74766
58906
36378
39851
43754
39444
41359
38891
67039
69508
77235
44264
56056
76412
39243
36090
34353
32898
38575
34023
38213
34983
35220
57184
50458
31300
36975
58820
51406
36384
35877
37688
33231
34565
36376
34555
36528
34361
203723
183955
77004
139238
81271
57960
71115
53191
45419
34538
39520
74030
79340
208879
115506
230863
70565
45932
43120
35871
32994
38368
50058
43186
36512
39092
43724
37298
39075
36992
36043
35296
38451
41321
42479
37763
41110
37291
51598
36099
35843
32734
33013
36114
42254
39016
39391
39868
39714
37556
70457
41441
40798
43777
79137
59862
59810
45612
40840
13664035
87556
38911
39140
37397
42459
42896
36302
47140
45809
91528
71198
49610
45405
42261
42673
44168
40994
107319
73899
69141
75683
85361
133758
111389
90244
54465
32828
28854
33642
30586
31232
30810
31538
32719
26620
28026
32930
42937
58746
46220
43306
43546
41509
262468
41233
37906
192006
983029
157467
44914
45589
37409
33555
41199
42807
41262
42385
37787
40096
37028
88811
50530
37809
42863
39671
33938
37637
232399
72847
39174
38513
39524
38645
34091
38037
141351
40753
41366
37830
39522
36488
38090
32734
32487
39758
35738
34023
40570
37531
38927
37304
41646
33220
39283
37152
36911
39518
36388
40413
40675
770015
62476
43790
41121
40144
40681
39856
38569
96693
82219
42722
40856
1122503
83815
45726
38991
40092
36035
40430
59563
34174
39884
39799
33867
39024
38595
94785
45197
43373
112936
47491
37110
41858
37379
40952
37411
40420
41740
40578
40624
39883
450086
126177
104305
51978
44693
51847
40829
38487
40303
39058
39837
41142
41151
55129
65974
45214
48721
47390
38605
40824
41191
34620
39194
40779
43005
42544
775685
81097
47792
37767
115602
46882
41913
40864
43839
50330
97073
45057
286291
101888
79210
44632
45052
42794
45506
41072
43442
59356
531490
109852
53303
43145
38862
46683
55877
68747
49213
53623
3221083
48142
38013
36282
39858
59809
42769
40126
42226
44490
43657
56212
46077
43101
42855
44312
44825
147125
46035
46570
42612
43068
43960
50169
49773
56046
84019
236836
65987
47498
52205
46803
40591
125883
88501
94863
48319
46233
43378
46659
43424
50010
49830
49811
45042
446906
88956
73231
66824
58154
47644
39290
45426
43021
47222
47078
57872
53815
45879
44577
44706
66893
51690
41653
41435
53711
38969
46482
56686
54422
45510
52343
50272
47970
54210
122820
61691
262866
79654
65435
54539
44160
42623
59784
57226
47433
46775
2212949
12104631
472343
66487
47554
47872
48883
55343
44870
49700
44704
44876
42750
41324
43993
52613
46717
44361
109313
72123
678251
49936
48398
43414
43189
38563
44390
46341
48302
67849
51334
43332
48063
52818
50357
54076
53016
89445
60406
53339
48247
46025
45360
44915
48294
48467
48557
46228
66825
62519
312677
51788
103217
730492
63600
46160
50026
51513
51096
387819
74239
64565
51695
61843
49609
44399
47978
117933
48382
75972
60216
53704
41359
65515
156217
98735
45120
46462
44482
44304
1162636
155320
112149
55208
50414
44128
42292
39431
47369
45152
108853
169438
63862
60626
43540
49613
47973
40402
44326
46343
47625
42749
48512
46371
48362
45978
48417
46761
112015
75584
166117
65963
513975
121404
93148
52373
122700
76494
71057
55559
1056225
136283
59069
67515
56705
76099
63580
57555
61737
100871
127882
95587
51523
51137
51099
50302
42216
48612
48645
47433
46533
45964
48541
42805
42240
45595
47317
46303
48740
49328
43253
49236
345198
65637
49112
63188
88369
86100
86597
97385
105440
76743
61996
44288
48690
41786
51181
103677
91477
53653
110305
61456
54940
60472
50994
47849
51451
43820
55566
45869
59421
53605
54118
59306
52115
52893
45968
146104
3500039
108736
89859
59975
52487
46764
47986
44864
52178
131174
146223
106008
114617
86841
130689
104818
94337
4112563
139496
95183
198296
106919
57979
44803
56014
55690
67684
61257
52327
50810
48576
51975
52125
54593
49491
53723
44570
47143
54570
51940
51419
391456
100682
56907
218017
134097
64336
55938
72017
52702
62948
67007
56581
42134
48009
55923
50612
62603
54591
57544
51387
331935
287232
138398
237376
126575
86939
54095
49951
53811
74851
58934
58016
52997
51225
43787
47471
51016
43828
42509
44130
43861
62751
85501
168415
107172
162014
77652
129326
107402
84684
2466682
120684
58856
79092
89605
95383
83129
78259
68793
69595
69142
56442
117998
95787
56075
54413
48957
57011
86551
56484
64913
251481
92763
79501
179008
159715
106979
74344
65905
74171
104178
93157
60632
121274
101063
69895
156881
78784
122886
157894
103676
86963
59577
58187
187440
153181
183262
115187
55856
54098
76639
165152
112831
570587
68328
70100
56575
55671
63584
63613
71816
54143
139910
58124
50087
57169
57799
55632
52139
49567
73098
59555
57707
56895
56429
51165
50067
52301
96923
94992
66298
60736
54837
94224
64473
50238
46995
51750
54589
66279
73525
62503
112489
83430
64597
65340
116217
87399
96605
146475
129988
113467
247594
3090122
130253
243291
95843
54256
54204
57656
57799
55161
48443
51131
52451
53246
47859
55098
1650215
111045
56030
49184
52506
52939
53474
48929
52194
52650
51794
54409
52026
53804
56888
55507
52305
55877
56646
101536
86832
57972
62088
53116
66288
53648
51653
51613
52403
52812
61381
60653
65675
53038
72161
66774
79313
56414
55513
213071
83724
56555
60772
58720
52942
69918
65170
64008
56395
53255
81521
73010
55544
201777
148744
120349
93910
60554
122502
114855
182421
123376
60295
54821
55228
55071
54118
53043
54690
55904
57600
48992
55786
53075
51191
48481
54706
54511
613635
58695
1843261
286194
69186
58054
52479
52256
54749
51768
53741
50758
52916
51317
46393
52099
55653
219533
83401
641828
136795
134775
61287
57584
56682
50851
54725
58235
57155
84880
117173
108778
68503
53315
98083
57359
61050
56569
58989
54742
58587
55320
55376
56083
57261
57966
55666
54066
139236
63831
58279
56423
58743
55449
55817
141694
64961
69721
64506
135807
157466
65932
62031
60922
57964
53270
57000
51525
58415
79486
66301
58464
54736
63266
129450
58522
71628
75837
58824
55802
89787
75242
60695
61782
112144
190657
5722471
144507
58904
55668
55352
58180
58935
58883
56926
58320
52240
239928
50691
3410953
138936
114636
68024
54921
56930
50364
53352
53924
97497
4329691
130364
66110
54498
57225
84744
108227
54193
49117
53653
95734
65655
61206
60560
226184
58881
52121
54198
102491
176330
86555
66538
59213
250080
218455
189882
128006
93607
72742
71803
70365
176432
137678
145428
141550
105510
127876
107708
74945
71546
99640
155024
82831
92930
100543
75722
64399
143850
77390
70836
119002
172854
445911
113452
138015
73659
65893
64074
62369
57798
55552
217805
6721340
403529
207372
183698
1727296
152324
195108
150480
174252
140909
111439
64431
63176
60530
65505
69782
155522
156494
631751
86993
80683
12912675
6976133
178994
139457
93637
75915
103105
124829
96328
88230
111252
297389
137713
107358
5044605
220677
129424
90954
75394
89606
20143528
75818
84237
94204
84434
76448
165040
78444
75121
66868
139582
121124
81901
67183
64730
3321328
204930
127046
109957
139959
97211
76062
3336853
116935
73422
7103366
240481
150574
182594
65237
84004
71261
67349
141515
118706
2899831
160978
79086
81247
62230
188648
112305
64463
72388
129658
130526
126118
5777583
105866
95609
95365
79949
95113
86453
140628
93842
65332
65090
71516
70240
82878
81572
135779
97033
73050
68988
80580
112135
85840
795120
145899
72418
167753
164679
94060
81173
74485
67838
90984
122509
121477
103707
202596
131505
173493
80274
94682
81356
72446
111817
91296
112473
86746
107903
135638
784305
152838
132747
68813
69738
65787
68704
70002
88546
68208
75041
74500
57697
140110
1705228
148870
125253
84418
190392
153418
81333
57896
61271
54988
60957
61458
56399
57814
63690
61175
60916
61501
61656
74579
67906
63880
63387
199509
1242634
572676
63927
52990
64669
66446
62829
59729
59428
132201
202058
118473
99151
61892
57614
66727
68380
68299
69126
70512
70852
60240
86676
114661
101290
274553
158962
70418
58713
244061
151811
133444
98050
89321
108844
112723
92430
60629
58761
59603
188425
158776
563710
392825
219448
69856
61423
66032
55448
65669
57699
99643
63863
57899
63789
61868
64586
239221
309595
106056
79596
180792
93526
65755
69257
67317
65774
58723
68390
66363
88939
73710
70725
69693
72354
83729
286679
85749
98544
58511
69118
69510
67770
66852
70705
88532
766105
185065
134149
85303
67726
65868
59001
64495
69706
99745
81301
85421
78168
75070
91005
88948
67648
68127
106343
100414
126499
150225
144940
792356
135237
130336
94732
65044
100047
65409
67226
94881
140483
129231
183852
145839
1629744
161455
132410
109931
65587
69497
127349
198782
136849
105346
98772
110560
105880
115204
77870
83444
75656
93647
151100
113189
1415286
137221
94862
95743
87637
75996
74374
101127
65939
92765
123756
151963
153440
199102
143534
86767
206168
103583
74444
162487
200977
232099
97740
88911
237460
115243
128224
84899
67404
62884
298444
133618
119189
78133
72185
56926
277180
98852
80058
73479
107957
72614
125502
67441
60424
69562
92732
134989
180857
128445
79566
65461
69713
65515
94154
80723
70551
83119
84609
135519
151937
115173
129300
104740
93028
200810
932877
138215
85793
135739
136724
224429
122950
97502
2417581
5891358
481048
403355
156431
99512
83044
93190
83228
68828
83914
77170
71259
78329
81929
77611
63199
78314
76843
168816
119804
103776
531465
199089
148793
169264
93538
232178
139517
121757
94751
73362
63526
77946
77559
830869
2032654
210151
228648
176444
105249
90830
84246
73264
70312
77932
77141
214661
165774
121861
227502
196491
200597
87206
96607
295748
349910
646335
153778
98645
73652
72601
211827
126547
143123
102900
19783059
2220642
187004
72729
256754
158947
88531
75175
187280
126262
318368
118643
92878
74983
466529
7924692
165640
92225
112365
86364
67059
61541
57717
72833
72993
74027
62798
89532
79126
73041
95217
73625
76953
71390
107349
85241
67576
65682
63018
102142
90475
71932
69871
87396
84506
191875
98632
88699
83125
67702
77094
97630
83166
82249
91203
86066
84331
4322301
672297
1166834
1334245
238562
175152
122396
69792
106082
98027
252480
154206
133566
93950
75651
69443
95639
90139
81371
96644
103396
160175
123877
101032
104379
602744
246724
208382
218183
145159
516581
246100
500559
136289
74688
69638
133111
116203
81174
76862
81135
93280
72715
75349
86493
75593
78228
93472
87534
128965
107197
67190
84724
83859
96891
89158
68060
77917
64941
79359
66776
71792
87335
208455
95753
76471
250870
106389
845895
327716
175833
94384
76416
92150
87386
77519
94897
185094
116865
94571
153164
224210
1475059
235232
185594
120307
112263
204357
147252
77655
81622
73378
73373
71519
73425
73198
89918
106404
128207
96476
79407
82248
80098
70347
73859
71898
69681
79968
83444
117049
110345
72138
71874
90314
79030
81589
83196
92539
81118
80094
87199
115547
205832
133941
100960
114361
91785
69655
73745
80711
74698
74759
74964
73578
69698
80089
80989
77718
173925
125384
86794
102091
192538
809036
370117
186101
168215
110379
110344
197049
94665
84467
84645
79660
74190
72335
748609
4652798
134227
150520
131844
83003
108068
98877
78411
68956
72735
65938
83263
114814
163909
11835149
15040757
137940
164751
131818
91339
136134
86449
89874
129991
157217
139663
117496
176380
92828
76255
122964
91866
114578
124269
124065
107474
178722
181883
381172
184667
327594
176082
159961
100613
545213
1635502
870931
813405
3360146
198466
1145895
129300
89391
75768
67425
74987
74064
69992
205726
155400
166696
130786
272916
626523
198195
132643
173452
264108
329249
239863
179465
153519
207630
308658
203284
188370
144271
97106
82861
77226
81614
79108
79736
77903
912109
118900
153771
128958
359962
167292
450420
260591
316486
223367
199892
209514
286189
200841
91080
255912
234623
178822
108923
95993
79187
80589
78491
110230
343353
123559
115830
127701
83874
118861
101961
83695
98712
102740
178540
393871
901123
523450
324072
527923
122304
150634
145168
167523
158381
141468
89697
1332887
214869
155969
122710
400990
904328
832713
200896
131329
115971
94468
88145
577880
266717
138299
117898
95073
154394
203801
193722
219939
264471
148382
131807
131054
189953
189322
178617
88460
85796
244994
450344
459388
106033
75827
74207
67855
77508
79547
68342
77543
71495
172275
174450
131853
164243
118459
80833
77226
88681
81739
80088
118210
113358
95436
96978
79504
85938
96850
95383
93018
95923
84015
85643
108109
173801
120956
130408
133136
129688
106645
100108
83201
79064
71692
77389
77209
239718
885479
216542
151032
121587
103753
108271
90834
98599
109115
92187
1411099
115515
108143
86337
99339
105411
92519
85148
95552
88610
83215
109995
95939
87808
84583
77787
117810
117301
90571
82905
93738
114626
103362
78687
154695
94745
87574
136529
157224
88927
4058828
84937
126157
87406
86833
79412
79939
79664
78599
134637
102747
435448
190063
233945
180881
536633
237990
174741
432310
175232
178186
130160
480810
167298
135309
185865
138567
88574
88579
82822
79779
83208
86662
99793
107076
101865
79241
82542
98411
94027
89222
134018
145284
95803
1091025
228699
141573
190715
137169
252187
199982
115840
90663
81779
93399
223707
145678
86163
366385
87087
79375
152400
301342
212487
175919
92777
81870
3588608
618979
490126
298585
207626
173747
98044
262882
1979057
249638
219029
1178234
517054
113389
109573
129862
108014
115781
96993
122159
4743545
1542053
294603
227176
136719
123138
905334
30840157
146429
113013
123128
195198
27232774
230287
147069
78865
85927
108277
201906
90329
675246
2757389
105987
132268
126892
152238
83209
82660
170662
94579
89769
94779
88617
152595
130005
101402
85631
129563
123215
297501
205564
137464
97980
98679
532235
178634
151758
155784
127902
116270
97166
140086
120070
142295
126287
103294
87762
118832
123242
114369
475055
233524
161898
179042
235731
111424
90107
242813
205741
167469
139177
116374
107926
191636
132964
124979
99534
94265
198982
87101
275155
76077
81688
2931896
438687
234279
180856
24511230
407802
143992
115627
104277
108607
112988
111089
93734
78490
93231
128439
124184
175889
116343
122984
346730
740259
210514
198161
167481
156847
299164
185444
209372
142205
134398
136055
673829
207645
7502587
220821
103307
86030
144716
208405
303166
207475
186469
147501
137409
103505
203054
250331
158094
145111
117812
144826
513484
244238
217328
675104
452884
251411
236347
144596
310734
247649
574143
536844
2222890
4402631
332417
341121
173906
183673
179215
162098
110280
99196
142619
110467
103622
88798
93498
96990
135202
123190
276490
178667
119250
121163
105347
89441
99179
131835
119553
105772
158619
120693
163896
152268
152242
144618
138876
126990
124492
92366
90538
75950
90344
2010531
212096
123817
263944
158188
230470
189344
163923
235187
103801
11959172
685745
240830
223467
379036
1973138
345344
332781
76865
86128
83797
71965
285994
14862984
313174
360055
239846
262286
116637
104455
105665
104876
119616
104615
237496
156263
143730
121749
123820
113359
102620
118162
136621
121785
98020
96345
85820
486869
368223
248892
109004
193897
157073
2144665
149324
144975
153602
133045
136173
126020
85392
120367
151399
222406
187368
181971
132087
110402
97738
326798
188661
96284
89530
93798
92683
83383
84376
93672
97482
97842
138510
99196
97709
100336
110319
116438
128072
1108948
1346353
205050
180874
98312
99306
109381
983493
211664
103470
92982
1658987
179988
149067
759007
225298
177972
157866
276716
107085
97019
103600
107007
101418
148132
143161
180688
629612
280532
216509
114374
189540
220487
175022
171649
167650
141643
172274
187256
191954
199765
227341
136864
167422
142034
294680
211352
885972
123750
260978
196320
146567
98831
228605
151702
108357
402139
227581
362458
202971
194324
174579
242448
149081
122136
89267
644055
196659
110611
113758
106409
92672
236986
238912
199182
191559
189764
155651
122616
98592
143913
308853
17374685
173073
184990
320138
745949
283592
212339
147302
128933
93757
120237
159677
195908
314518
602148
512715
325917
261587
169777
166885
165740
250949
179123
194031
363786
329576
584120
276298
184950
215806
263357
455076
202647
302978
155761
761284
340419
225870
158273
155689
5669953
261572
146043
152689
126755
95273
122065
130730
155510
125759
145049
143979
149099
122485
120913
115048
103586
96292
96385
123168
155961
171709
135035
123724
237019
168911
149609
295281
832717
195214
109231
2645931
473408
521297
4812658
1349702
367823
347439
435046
156532
112814
109141
134405
146857
134074
106932
96975
108407
99366
230211
101712
98619
102185
100182
88231
90940
899570
8802809
397012
242267
168725
130333
114792
363697
192303
1107238
337908
187478
126324
132627
160705
210349
544329
203887
242533
190319
140469
124755
94365
92282
91694
100223
96771
98911
101234
259425
208073
163500
139006
102361
92082
89687
206991
178425
361680
157179
165726
110219
94669
245661
198723
135728
87207
98456
124821
549971
203363
195510
104233
96981
98002
98287
97130
254745
254982
117273
101905
92606
219663
98958
439022
226380
192272
160320
166588
144171
109526
143117
339737
245498
125222
101802
99538
92014
100024
123213
106820
103313
103630
95184
113664
213940
139753
93934
93368
101747
173042
187655
179085
130592
136224
160929
149992
208159
282397
183400
110238
101264
133039
103536
100330
98438
102125
292939
235852
199882
169619
133738
114578
160170
931638
153903
148962
88244
88001
89092
218588
197727
172934
278920
129063
95018
84563
447094
171208
181582
241495
152196
114819
108098
103952
95251
84908
99699
90415
110162
86817
126035
95293
87104
164272
94990
83574
91034
86309
86542
85462
78267
86601
85712
174181
149722
178355
175611
368537
469071
236997
333916
128771
145289
179869
131094
137394
811839
914757
282114
305484
844903
439523
485627
6455017
290675
3762141
338793
245690
261056
275541
213718
167160
123839
215430
142672
93029
87193
87255
88014
94818
92218
179920
246665
238891
151933
134805
105183
282612
214830
421084
1044518
511525
460488
209679
133043
103105
88602
87312
87363
87481
89895
97101
103250
87840
90101
83932
85993
87680
163892
145718
117723
208230
155498
174125
104461
98315
95931
111724
144510
448859
389781
516509
232672
1234838
159160
119326
391847
235171
185588
153048
113207
116706
184887
312045
201702
218893
312648
217747
211169
276846
544408
276477
177528
258431
403936
502994
187229
124914
187718
121023
109047
91590
517359
252693
286771
266151
237059
134799
125672
107079
184599
164021
104836
120215
160820
100282
115479
168310
174595
174122
166423
124643
139490
125752
157592
229551
161626
113730
198968
154365
109770
249172
235813
142283
116100
123255
118067
101765
177852
232814
225557
176379
126749
112989
154589
152755
117748
217399
177746
413035
131973
89629
86978
124537
98771
88288
90931
88268
79829
87880
87971
87999
91682
142199
141280
96663
164043
151184
132250
104383
90295
92266
121896
116911
115591
88762
115301
115392
134921
181260
265636
251149
165341
114107
103442
98234
201537
139963
102505
89469
78112
121520
115886
89095
105303
191085
155625
154932
114862
138548
90727
90920
90494
83946
83238
94230
86714
93971
138192
101499
365310
187390
273203
206157
189612
133752
185890
323424
270089
139960
177496
141229
95798
186238
178140
201030
194050
184272
176244
201918
190248
152608
196453
509904
237673
311904
206329
188133
140954
93831
134540
171262
128130
107864
85300
101913
169586
201305
187020
177986
125744
126157
266407
788747
204741
312805
258631
270165
225461
151658
196931
141035
109726
143713
165722
147448
136732
114206
110540
105038
123886
117230
113232
104032
99308
98718
94669
109003
103569
112056
111820
97170
109485
98449
93674
318833
213362
187608
174335
187839
232329
198199
128543
159402
205141
191061
196506
149478
183100
163344
143092
144929
180341
145683
147502
137660
797342
226287
670260
255810
209879
189367
181628
175396
148386
135658
96172
132362
109035
128538
115877
102030
97430
95079
98078
90222
694668
135600
159582
130540
126158
311657
174892
554699
345935
154600
121436
171849
154133
527487
234441
336979
332656
300283
224957
95565
98327
114021
208542
123601
713535
302245
293216
427153
273341
263308
221260
302878
448996
220113
205715
199874
195832
537495
385495
313298
203617
215011
192692
190309
246674
210957
207517
178121
289430
417503
1329825
256412
185919
99165
92563
94425
151121
124501
93570
98559
88708
85369
91874
108375
106993
208284
186749
272692
203706
263044
226565
251499
193153
239327
225062
204907
187158
409900
248842
214468
320118
364716
241603
489447
756912
1632501
380953
366454
345793
180239
168527
23518712
265765
389828
194659
271298
202852
162604
8189516
259590
166326
232804
182517
403234
617419
165509
150937
128365
143935
195739
214494
172712
461829
250316
467819
255851
133948
225031
166809
135012
171169
804489
173273
192581
164663
146553
138932
159823
122922
107675
116665
534570
222359
157256
234731
587813
118133
123157
155660
177360
99035
104272
104378
100211
98917
105265
141782
145093
141105
126209
119720
127302
147643
174036
216890
168230
173565
208365
218371
180702
167047
133967
183349
149656
134338
105857
102025
104971
113935
286855
192102
173891
197703
153100
158116
135577
141893
291531
281054
234655
126261
102020
153086
123996
117401
108814
99702
103233
119327
101744
97420
98447
104192
104540
100367
100845
114627
103855
96898
95543
92192
112576
143249
124597
127373
136111
158740
173254
132442
157737
145624
163812
118394
107114
103121
95707
107027
113592
118395
128522
180174
140072
294326
114110
171145
137317
126452
533942
119699
96214
96652
91206
95365
96970
100984
98576
93092
142533
113090
97279
103533
104716
94679
121253
110494
166764
113308
105628
127366
111335
127422
107708
96756
96089
96574
89931
87373
96255
95390
90423
96405
95784
89314
91800
98799
95632
92209
97539
86734
87845
92262
94623
97397
95596
96168
111928
156643
168093
242770
145821
127639
121546
129278
112251
105440
129958
136006
128994
104148
125742
184739
97828
133230
110552
113573
113342
117348
117313
111316
154075
115692
135049
142817
277820
537850
115802
106032
96474
139476
148849
141229
97790
103073
96548
100237
143195
147970
100160
132666
106039
105090
103830
100810
129750
147440
131398
127856
116221
149181
114825
110850
107079
97867
99219
97392
96993
166579
120457
103955
99901
95189
100848
92392
98910
103250
103069
282565
203272
210827
421124
208389
188980
131923
125797
142344
121587
117151
109316
103097
111854
122211
151237
219774
259424
96629
99849
99195
93312
93474
97300
97290
115686
107392
110393
119369
200356
128165
289805
195636
206339
122739
99095
122560
95202
96464
100227
92853
95645
99615
97763
93334
98967
149126
95280
100575
97785
94945
97238
162705
108435
101536
175250
111266
104720
95558
97169
101123
110678
102176
94935
98011
150994
101175
96936
119035
95331
100967
93961
89039
100180
99756
101836
96985
99090
126458
118423
108038
95353
148243
122117
123003
109198
131803
317283
278803
113863
110672
106662
106888
346588
195953
129594
107454
120219
111249
99782
103986
102536
100350
94372
99517
95552
100660
95248
103645
102456
102517
103942
102946
95920
103697
94454
95006
359630
166533
152023
133862
130687
178985
106089
105779
98138
104865
96336
103000
167868
222569
116152
106014
99955
99491
98928
96332
107119
192612
126858
104678
102621
101233
106074
104342
118072
109555
106003
110152
108688
117366
108887
106427
105008
99093
170809
106160
130216
100762
250591
117110
107443
104016
105186
106890
110047
109281
127542
206950
254897
335307
139577
143881
238763
354300
505390
290181
166179
113865
110538
112296
106349
101205
109220
103997
120290
118330
138503
103411
144253
192459
106522
135342
122178
