33499
1734
1358
1146
1059
1008
895
860
817
813
842
2051
1175
991
1193
2154
1519
1463
1476
1439
1247
1181
1225
1659
1211
1036
1139
1008
1142
1103
997
977
1135
1709
1241
1367
1362
1307
1393
1236
1291
1432
2745
2115
2315
2094
1045
1015
950
961
886
1630
1873
1151
1381
1218
935
905
2024
1263
2403
62386
1469
4142
1928
1421
1497
1463
1147
1715
864
2804
3254
2105
1574
1939
1329
1173
1187
1218
1302
1306
1093
1342
1129
2048
1546
1272
1263
1621
1944
2778
1207
1031
988
960
855
909
921
2149
1299
1054
975
3992
2056
777
21904
20017
2128
870
21280
738
1375
984
870
767
674
1911
1592
1289
714
599
1157
697
858
720
723
1321
858
1513
1013
833
793
2320
852
692
1532
922
1040
1286
806
675
785
625
816
1385
857
611
2548
1180
958
1489
6936
725
714
653
734
1737
817
798
863
694
1114
2297
945
1425
1102
836
1291
870
1302
1059
2006
900
1440
2719
916
946
935
935
693
1657
942
786
1182
1218
1341
813
5219
892
1357
2397
1046
725
1757
1036
2152
1419
1081
30382
1515
842
742
1678
817
641
607
586
628
656
1560
771
845
1255
1020
977
1678
1106
753
1150
774
1748
955
1129
692
1152
1731
883
687
642
526
853
1477
981
1024
768
629
1073
802
1183
848
808
669
1141
928
770
746
1539
1474
849
755
827
623
689
1334
7427
814
24878
1421
976
693
10173
945
630
634
598
450
8724
796
567
637
1205
666
507
7524
222
343
272
342
297
185
130
205
249
206
211
244
183
251
199
187
152
193
235
350
221
247
214
218
305
329
347
243
397
228
226
360
211
345
283
260
253
260
199
441
236
361
243
207
422
343
323
255
272
299
1572
240
308
430
363
346
464
384
331
222
278
196
270
359
277
242
220
280
494
153
592
344
285
610
382
335
449
262
378
342
454
269
241
336
258
271
243
352
320
710
228
225
325
278
268
290
327
404
337
192
314
189
468
290
383
294
338
172
432
301
238
231
264
252
4802
398
333
276
338
253
213
272
243
332
270
245
337
381
544
366
279
200
245
351
307
379
1208
23696
427
376
316
344
197
404
322
341
255
147
287
234
379
239
430
329
342
385
332
239
342
220
215
251
193
269
343
240
362
280
271
339
254
330
684
396
419
358
300
281
368
381
533
303
378
352
358
306
235
223
146
265
221
258
302
338
254
441
369
276
268
322
205
369
314
281
312
570
242
230
345
331
265
366
168
290
415
270
400
393
496
281
244
403
243
244
162
407
248
341
340
230
302
249
281
660
616
292
257
252
233
292
184
340
347
291
313
180
418
301
250
292
192
379
397
251
235
433
455
247
237
347
344
341
433
315
207
174
404
329
411
766
533
375
404
419
327
280
279
306
291
345
282
386
240
230
309
268
402
261
248
228
330
441
426
281
218
227
220
463
358
271
256
310
359
279
222
175
292
252
379
376
161
305
254
321
377
467
270
223
263
307
456
342
314
348
502
307
389
259
393
350
269
253
283
1103
369
351
378
360
280
213
277
191
366
307
479
258
227
276
270
274
312
332
257
324
217
186
309
631
416
314
287
188
182
411
359
375
237
340
248
198
211
211
274
535
254
222
529
436
513
378
326
323
266
235
218
189
224
345
248
350
374
372
873
461
278
450
258
210
289
348
214
236
465
311
365
240
231
219
195
421
350
324
320
286
245
383
214
436
330
217
476
230
376
406
424
333
305
399
330
326
373
248
216
374
280
264
327
306
320
313
302
279
296
432
461
321
310
422
253
276
227
260
280
240
228
249
342
232
343
516
335
493
212
276
281
249
467
269
337
400
1390
286
265
387
363
231
342
423
358
332
366
263
415
255
360
158
201
467
375
408
402
613
315
389
417
431
399
869
363
515
359
277
255
264
506
506
328
243
502
265
373
250
316
383
332
304
277
378
258
317
191
181
264
364
212535
230
343
270
212
300
257
396
290
263
229
225
397
404
255
413
225
421
290
476
302
254
207
335
246
392
288
223
416
340
355
412
308
261
369
340
299
573
510
360
328
487
330
385
797
453
526
306
451
328
329
292
289
358
357
368
285
321
445
326
453
369
335
210
254
262
566
678
328
344
356
282
329
528
463
588
336
445
306
385
527
528
836
426
380
405
303
331
179
367
408
345
261
295
259
351
249
232
435
496
308
336
523
461
365
468
326
284
231
491
352
301
225
281
384
451
262
231
404
293
241
362
244
204
192
279
223
220
343
236
268
389
269
372
486
462
460
304
283
410
325
320
515
282
318
316
429
466
333
414
290
284
391
276
191
425
275
279
484
271
358
495
278
278
497
296
561
299
494
550
354
458
397
535
300
451
385
250
553
321
339
350
634
1406
630
303
512
354
435
344
329
568
443
325
278
420
348
280
265
425
366
347
287
334
416
497
413
271
306
600
595
283
481
417
385
358
248
381
315
308
421
271
290
237
577
419
384
312
464
296
450
1843
285
277
358
364
294
306
395
537
511
309
307
453
357
359
496
474
577
299
422
340
365
365
334
1300
414
554
438
509
323
495
272
386
366
533
299
418
376
306
279
378
351
246
436
492
2503
1194
540
887
669
489
620
364
539
281
370
741
366
309
257
330
480
3301
301
272
414
2657
2440
1200
2348
3064
846
1119
387
466
390
326
335
202
196
477
738
368
399
500
337
748
545
547
287
418
263
257
331
297
284
396
259
624
658
369
1411
323
521
466
377
346
308
980
710
1713
1362
583
575
736
620
429
530
671
351
250
513
325
335
327
367
166
446
295
220
247
211
335
354
332
289
612
528
459
214
640
464
451
405
356
543
249
299
222
531
236
482
359
176
321
241
526
455
421
395
420
421
360
477
366
456
367
477
255
531
428
511
311
389
282
298
477
535
291
362
279
282
285
304
559
285
278
308
304
519
458
295
3741
318
263
319
233
309
318
263
231
430
391
358
497
324
277
458
249
289
468
518
366
451
532
291
455
399
499
342
553
466
374
562
347
318
289
444
287
347
487
473
533
495
275
16189
290
468
380
395
441
534
293
1403
588
547
330
608
347
450
548
482
332
222
289
546
256
494
415
349
351
390
18170
2403
579
561
648
470
443
278
555
790
573
385
353
470
303
511
467
517
948
604
527
314
421
255
300
331
310
408
280
315
332
341
281
298
250
187
261
252
401
486
529
275
265
186
371
589
426
346
491
353
301
353
405
350
370
346
287
376
393
478
472
465
645
333
1294
320
418
411
502
230
417
210
170
246
371
300
544
295
306
284
393
437
381
345
243
375
249
391
428
3814
386
396
425
361
310
338
337
310
323
257
349
349
249
463
245
374
317
260
249
198
354
333
406
269
306
278
297
742
552
575
616
401
313
308
524
310
246
313
238
432
341
306
737
447
285
549
390
15533
238
245
19691
3650
215
421
273
6143
1021
647
400
426
266
810
949
516
439
419
530
467
570
296
266
278
282
382
472
450
350
159
317
343
313
464
304
355
366
344
355
297
304
439
320
308
1108
423
273
411
1038
481
405
398
301
407
286
340
403
1128
4499
372
510
447
297
988
391
509
814
437
501
296
403
353
283
502
347
321
316
433
254
314
441
242
506
363
532
504
371
296
364
1016
410
594
308
426
360
347
403
283
306
432
487
472
688
483
518
403
1253
389
344
401
271
338
525
349
415
538
232
398
384
425
311
388
476
539
307
322
240
646
9994
654
713
746
275
503
489
327
325
248
508
390
356
473
910
427
614
335
232
392
679
510
300
485
392
437
608
340
3638
1460
496
380
604
274
362
1877
915
418
443
323
315
265
575
320
777
1105
1234
433
443
553
294
230
239
3150
252
308
216
448
265
278
403
436
438
184
527
467
493
397
625
393
515
359
241
328
296
481
279
479
466
340
287
486
3083
448
927
372
945
1252
2584
942
819
421
404
368
278
454
982
669
459
340
491
350
617
404
484
473
506
477
598
397
361
466
440
327
447
5331
731
815
324
504
328
294
421
288
341
423
393
269
324
429
300
420
258
502
232
378
350
2186
464
573
294
646
621
399
485
293
534
297
392
465
500
248
433
234
205
308
252
182
261
280
265
311
406
336
300
312
277
314
443
401
302
280
569
379
439
403
564
360
605
485
611
404
284
441
649
321
4495
302
395
285
617
324
299
258
233
239
299
278
256
271
286
400
1111
516
313
459
354
302
476
265
290
278
467
356
353
1355
564
849
578
495
376
615
281
416
440
253
466
311
253
275
298
273
364
239
310
397
313
185
411
246
2164
397
1158
842
25046
681
306
439
615
406
222
271
389
417
1948
440
344
342
318
275
359
365
350
3822
319
608
506
433
795
364
292
445
407
305
311
295
476
312
290
319
219
303
313
285
259
288
313
639
378
486
285
238
590
288
350
222
456
418
256
272
435
305
398
374
411
317
723
338
533
1487
539
678
362
401
355
579
420
702
370
283
354
244
457
361
338
388
404
333
330
330
264
313
468
371
466
294
500
1006
771
480
341
352
423
273
490
356
270
507
397
271
233
309
338
691
353
303
436
294
267
419
529
499
478
321
249
375
320
374
369
337
307
1035
530
392
631
682
428
385
348
376
1334
705
335
430
380
468
739
639
672
3602
728
436
640
331
330
1019
344
263
346
701
1402
4048
1616
536
2928
921
521
967
567
583
526
333
440
415
583
421
599
383
310
287
345
497
322
299
284
275
907
415
337
439
575
524
1752
1093
753
1424
719
342
327
299
534
319
510
415
374
308
221
532
1328
526
452
315
820
413
464
591
378
1189
1648
3901
3767
1042
623
388
272
307
3119
599
1124
410
362
904
561
336
370
314
412
286
256
1263
2016
897
567
374
456
450
503
353
362
306
262
944
468
348
655
482
488
570
327
327
267
795
355
343
518
361
271
290
341
376
338
451
255
571
373
3874
301
401
287
403
503
355
341
405
456
541
557
403
368
434
309
251
323
331
464
349
288
269
222
274
395
376
453
359
367
312
424
410
894
1219
436
2424
745
525
600
1174
731
469
453
702
478
567
496
413
327
332
421
482
385
336
351
284
344
286
3820
572
330
323
488
921
397
415
543
503
446
481
498
534
363
502
445
324
583
750
483
316
244
268
232
316
258
545
421
272
434
369
472
288
865
351
532
416
368
406
490
289
1253
592
413
398
463
225
229
550
325
288
427
480
486
271
329
232
396
183
368
260
253
293
249
430
351
292
270
270
372
588
347
415
549
535
361
363
472
447
403
410
369
450
566
468
351
606
643
613
358
646
337
264
243
599
494
428
541
341
271
268
232
2060
413
485
424
381
491
409
440
372
307
283
282
6412
223
1415
465
605
368
276
392
337
508
10904
957
876
339
541
362
496
434
248
345
296
317
220
284
338
384
373
408
408
348
351
357
480
356
3197
354
425
395
509
303
273
382
612
1334
730
1065
502
402
335
642
16277
28149
445
456
643
394
403
317
3080
3920
580
718
495
766
1136
1596
1461
385
1898
588
508
422
298
1757
526
6170
543
330
377
273
689
678
407
740
509
1134
449
347
372
555
402
502
284
391
332
496
968
1387
582
279
738
583
345
477
562
405
371
316
433
444
448
285
631
457
376
650
570
442
425
510
366
361
403
415
535
527
509
454
368
312
969
559
310
311
573
525
662
454
367
303
271
321
494
295
242
342
354
631
517
353
478
456
352
356
458
488
397
348
487
276
315
292
2121
385
914
7985
357
7262
9839
827
353
414
383
305
453
596
312
227
428
403
286
393
484
409
377
365
418
358
367
290
408
345
414
571
449
939
450
338
310
371
510
400
304
511
361
452
273
443
272
321
383
444
506
521
1045
805
506
433
448
396
582
285
592
1536
2743
626
456
366
326
441
503
426
480
329
374
749
361
424
462
407
499
421
1720
705
446
477
743
680
394
400
697
1306
739
3509
1189
742
563
496
417
635
11109
375
434
307
465
289
353
390
329
324
655
325
566
395
555
319
312
290
291
427
279
358
275
523
763
500
426
517
603
684
986
617
555
428
1342
552
954
387
404
449
514
519
372
274
471
412
478
480
453
554
553
248
536
396
435
616
366
395
395
313
465
345
416
308
1090
329
427
461
477
349
300
2151
435
497
1100
594
1323
1233
305
499
415
500
420
472
295
487
380
645
481
380
521
585
310
320
466
367
249
250
424
455
424
321
346
332
414
257
182
548
538
492
439
626
482
365
378
527
558
425
518
573
723
413
354
279
263
388
320
293
529
425
517
336
282
322
272
241
605
538
289
436
480
691
445
421
322
557
337
185
344
243
276
289
259
243
313
198
273
527
572
324
313
201
190
216
77
404
203
482
350
270
233
301
300
223
273
227
174
380
264
277
406
280
365
251
248
267
199
210
292
335
311
229
9333
216
213
548
185
157
341
3158
234
3564
199
298
342
196
251
276
177
259
226
361
290
182
329
255
216
266
268
220
487
419
203
286
423
208
466
369
198
300
247
406
438
332
247
496
233
254
197
218
227
296
237
213
587
230
224
367
444
338
389
375
249
323
273
284
272
241
422
251
228
558
390
302
542
249
390
413
674
237
252
174
208
254
231
410
314
391
217
212
479
475
302
343
221
438
304
328
229
244
1064
343
345
188
224
199
173
200
230
507
310
309
192
204
200
204
230
190
258
220
224
407
246
203
215
204
149
197
260
187
193
207
190
301
253
132
226
253
223
520
256
274
174
273
178
315
292
167
198
560
274
262
244
177
217
197
258
308
263
1196
152
256
1040
438
268
334
472
283
478
312
230
155
1017
213
193
195
261
269
383
241
273
353
208
347
188
263
233
240
251
248
149
174
215
165
245
302
118
223
225
262
248
219
219
255
196
247
210
194
212
220
194
176
214
180
125
159
230
210
187
313
335
214
282
628
249
217
319
213
224
226
197
173
271
224
230
278
237
310
245
223
159
220
237
200
203
249
258
199
185
301
170
227
203
208
199
166
243
223
225
129
138
114
234
220
262
178
172
149
171
237
163
223
180
163
224
160
116
357
255
293
210
198
232
264
507
370
224
261
225
203
320
183
149
233
204
242
287
212
228
225
424
154
182
196
214
250
261
364
227
249
297
222
278
193
156
166
204
288
276
211
390
184
276
180
253
194
223
216
228
220
248
195
299
218
227
240
272
267
353
254
236
230
257
212
272
1011
288
297
218
335
275
293
256
217
210
304
372
251
213
311
194
187
190
167
237
208
213
241
198
240
228
164
275
243
287
217
188
221
243
216
251
240
228
242
175
293
239
214
251
1979
308
221
345
250
236
208
217
273
211
287
277
392
218
228
254
264
236
312
214
303
224
220
296
365
199
255
246
211
260
226
189
279
213
383
236
217
221
216
166
168
172
427
204
255
226
320
366
173
222
246
264
244
298
216
322
302
203
265
219
236
235
304
201
204
161
161
227
273
203
313
281
283
197
164
231
1501
4255
17855
230
146
198
15942
203
252
254
200
224
193
150
257
269
296
248
169
334
342
191
293
246
214
208
192
214
209
308
241
188
262
189
198
145
255
371
302
347
270
270
221
247
298
283
180
243
215
219
336
235
201
146
312
343
215
203
218
231
145
237
216
209
176
300
224
199
195
165
389
179
237
186
194
190
185
282
238
407
150
218
193
265
206
178
172
142
455
214
353
333
333
217
459
243
404
201
176
212
496
189
356
207
430
345
223
364
195
320
148
234
409
183
213
181
241
331
237
233
200
160
306
284
259
266
229
398
424
228
457
344
252
221
381
397
240
235
185
196
302
180
364
197
209
384
210
337
799
260
336
387
195
378
222
181
378
228
250
226
389
197
246
201
351
292
193
575
302
343
271
274
199
670
416
391
262
318
231
324
415
294
300
210
220
725
237
235
303
170
183
174
605
390
624
538
649
377
383
309
298
275
318
208
291
212
342
192
379
210
314
195
271
193
388
481
218
171
300
477
291
279
359
485
231
321
247
215
411
300
319
235
254
224
185
253
366
307
296
219
204
207
308
174
183
179
194
302
133
163
175
151
478
443
344
322
394
233
263
417
224
285
196
348
317
183
158
222
216
188
407
375
194
352
285
212
297
238
248
243
314
207
249
188
228
188
178
388
327
188
300
201
182
910
348
351
232
272
306
184
199
224
242
360
233
224
369
234
747
492
234
257
229
214
185
255
363
395
191
220
239
209
349
350
214
214
276
334
219
224
187
226
160
255
202
220
499
286
230
241
388
204
251
355
246
486
413
483
192
203
236
288
270
545
1126
415
243
324
352
222
269
265
192
246
388
431
203
217
279
222
302
351
355
367
184
214
355
328
228
254
300
178
178
212
307
339
245
231
207
288
245
350
207
191
188
204
354
218
199
229
306
372
179
205
4731
312
255
200
244
331
366
419
371
338
213
240
13863
297
227
492
244
212
264
273
384
259
232
195
168
280
152
850
375
248
405
299
219
216
349
236
295
224
216
210
294
333
323
1801
446
214
378
256
366
428
536
279
373
377
386
453
255
270
217
290
247
263
302
204
221
407
261
256
246
214
246
258
204
215
265
255
285
312
539
261
279
257
260
176
227
267
346
247
453
238
250
439
200
231
213
224
178
230
263
478
454
309
277
208
417
324
288
310
271
268
170
394
272
268
197
229
237
274
252
270
268
646
235
203
179
198
228
381
234
195
211
217
203
223
317
205
261
267
375
252
231
193
189
204
182
197
244
191
342
230
191
216
209
287
538
649
1834
431
241
371
303
300
270
269
251
225
241
362
244
257
342
278
365
503
408
274
312
236
379
337
289
342
216
305
242
265
229
502
277
441
240
317
242
319
232
414
232
228
1106
723
962
594
301
353
250
277
263
234
481
706
322
465
426
1895
263
184
347
290
317
265
355
255
302
316
250
263
412
203
194
230
260
281
326
346
250
234
501
242
299
238
409
466
407
268
242
302
343
183
326
171
456
308
314
204
280
354
247
1813
345
241
177
318
265
210
211
312
552
472
342
371
299
229
272
240
210
528
571
327
410
421
625
863
555
255
329
296
340
227
142
322
389
284
702
201
241
428
357
272
240
209
275
562
556
284
5059
769
1316
302
382
269
378
257
298
283
276
278
349
251
639
358
272
315
241
241
374
484
323
350
254
248
247
235
249
291
230
257
379
381
364
200
290
285
476
246
355
241
189
245
312
220
238
255
235
298
441
235
297
325
565
360
204
256
452
241
197
214
231
345
201
197
709
354
256
234
395
204
131
306
211
328
320
179
216
339
320
319
266
329
397
260
329
213
339
222
212
192
158
199
371
620
464
395
562
305
390
209
402
276
237
177
220
242
266
545
483
248
403
239
225
468
215
324
396
271
448
600
226
383
575
434
340
238
352
367
316
534
300
602
397
555
420
1023
336
242
250
181
273
752
417
377
277
324
239
318
367
344
327
759
225
349
264
226
325
254
208
220
206
442
326
528
255
250
232
374
268
171
257
305
350
378
233
342
492
431
466
453
347
322
311
325
1475
255
228
419
283
372
390
233
260
321
234
318
625
318
192
497
384
173
257
293
365
342
242
241
417
266
208
231
287
363
421
233
264
461
258
274
326
269
267
464
240
438
541
373
403
290
431
229
211
366
436
269
323
206
822
837
806
409
522
275
368
304
307
474
306
282
410
278
460
388
246
208
390
463
336
278
306
249
295
288
263
231
256
216
262
261
241
237
506
513
280
260
331
349
383
423
239
220
289
245
252
519
277
230
371
477
354
931
422
303
284
419
461
754
326
275
243
260
222
271
381
320
401
495
253
296
360
257
412
248
268
312
199
262
968
459
429
587
264
388
231
313
259
261
675
1195
354
296
272
240
444
218
222
269
342
375
257
349
854
266
211
362
317
188
418
282
429
331
401
203
519
334
311
330
737
462
334
449
212
293
362
428
391
572
513
487
248
253
321
290
390
233
477
254
257
282
718
261
266
214
189
429
398
241
242
259
384
271
493
9375
329
215
326
321
319
427
242
237
439
263
261
384
281
213
514
522
373
344
305
232
277
365
334
293
233
286
341
282
301
328
240
631
949
457
283
374
255
316
214
305
283
8395
294
294
386
241
224
206
281
600
522
310
737
450
305
384
247
486
328
373
262
410
262
355
242
380
215
411
340
382
271
616
318
469
358
396
540
689
332
291
332
390
351
802
313
236
267
451
235
419
487
207
480
515
733
395
402
384
401
274
259
282
315
320
481
249
466
297
343
396
218
251
250
281
22785
339
14780
197
323
221
299
241
401
855
304
251
376
395
466
310
359
291
268
275
272
457
279
210
419
333
279
286
204
270
672
452
327
631
304
499
267
16308
233
345
983
327
611
282
344
486
282
323
241
409
270
220
23195
498
558
345
362
421
388
299
443
319
368
437
245
316
251
323
309
391
354
340
254
361
240
471
247
294
348
309
276
208
300
247
480
252
239
482
332
480
266
294
506
274
462
177
486
258
357
319
207
354
383
355
283
504
987
671
375
446
407
1009
451
544
383
200
420
365
237
311
179
219
521
196
297
392
238
602
465
244
299
264
222
365
263
415
495
221
363
260
215
162
181
277
392
208
400
380
442
257
245
232
434
210
353
260
224
319
252
523
191
390
263
309
245
312
307
262
197
478
221
256
415
250
306
299
239
524
313
250
462
315
431
215
215
376
365
1031
374
273
283
477
227
275
218
247
327
200
335
269
214
476
167
248
228
286
374
283
211
281
282
377
277
220
234
366
189
230
249
422
206
208
499
513
907
378
318
405
330
294
371
343
213
137
392
278
418
230
265
267
333
248
246
282
236
224
402
208
212
233
237
214
273
295
658
300
370
487
329
333
288
347
245
294
495
286
273
241
264
324
260
273
252
302
391
248
253
343
289
276
299
330
229
376
346
378
406
234
233
645
412
814
296
327
322
425
592
313
387
205
345
269
490
296
625
271
554
346
436
261
241
232
213
324
774
8541
267
313
489
351
421
194
232
233
247
272
214
197
266
351
265
349
221
391
287
319
232
368
435
716
378
223
384
241
238
670
572
518
314
297
332
335
311
3875
427
557
290
380
274
215
414
375
448
293
473
641
417
405
711
343
5208
276
524
621
366
658
1035
588
1357
357
761
381
527
531
426
388
325
301
267
416
256
254
371
405
968
342
280
1126
1345
576
5060
259
323
302
318
563
307
516
418
641
507
1031
649
405
463
575
430
1085
277
530
345
310
309
362
512
294
256
352
508
397
223
276
937
495
370
744
291
302
214
629
330
261
1066
685
526
571
355
325
415
533
458
448
667
607
510
291
253
560
360
264
250
582
350
284
969
554
635
608
633
435
304
358
269
278
341
450
241
363
286
429
340
336
324
334
504
325
573
305
275
527
369
541
288
408
250
365
463
255
314
344
7581
455
319
317
313
359
536
342
444
357
417
468
621
442
264
433
356
291
495
339
304
306
444
312
360
260
712
375
374
250
788
440
234
345
269
262
303
543
227
228
449
253
244
287
202
214
238
303
362
327
660
432
223
318
313
202
331
321
272
322
353
352
487
444
385
289
230
322
237
233
275
265
304
498
275
467
442
222
283
551
406
445
351
289
406
567
437
203
213
321
634
466
1112
597
426
294
275
230
220
432
265
479
281
265
417
261
264
363
634
370
319
562
308
320
264
186
349
225
234
321
652
265
389
307
340
304
370
281
351
372
442
251
273
215
526
416
1095
623
520
399
283
289
297
435
282
381
259
321
243
317
295
242
226
430
418
385
406
309
639
1317
378
504
445
268
252
360
416
323
868
338
267
249
278
440
539
226
423
325
346
526
31684
320
310
342
298
665
399
370
192
434
638
360
881
438
239
522
325
269
272
297
218
454
329
462
456
334
385
393
400
256
250
479
385
495
406
294
639
368
361
499
264
257
769
554
246
278
261
304
475
296
274
254
385
278
279
323
179
232
352
458
509
334
247
229
381
400
373
254
248
249
325
542
671
256
352
348
232
391
654
281
354
582
518
552
549
377
563
728
391
425
388
459
276
362
276
362
426
286
243
338
408
497
368
313
356
408
296
299
484
523
522
592
280
555
330
255
253
529
688
298
315
997
695
626
789
537
283
273
312
476
271
268
239
434
318
365
342
386
740
334
233
808
669
797
356
328
477
206
373
276
202
5368
1091
990
350
317
623
300
297
316
326
418
590
328
459
261
639
1433
328
282
334
307
259
311
537
496
299
301
284
502
446
237
524
323
371
246
362
458
197
193
303
374
384
279
232
592
387
503
285
341
313
251
329
366
523
623
473
267
427
1905
15876
11027
815
255
564
300
270
438
244
344
697
302
384
344
412
390
257
404
332
314
324
782
369
299
1126
737
412
342
338
764
1062
932
465
303
533
416
514
298
224
274
487
249
295
295
406
371
341
342
378
284
321
289
270
566
487
315
355
366
252
371
390
328
552
246
262
568
244
755
549
287
386
384
317
293
377
401
238
334
281
361
520
570
927
552
532
334
921
259
457
316
473
292
254
408
175
238
314
342
609
235
249
369
245
397
361
269
272
577
587
337
228
381
533
413
444
445
336
474
5255
391
368
443
331
411
500
306
542
429
258
431
286
276
233
558
248
279
302
494
356
571
293
709
811
612
538
392
576
338
620
229
260
533
379
236
298
578
583
236
354
15141
310
270
240
236
465
302
318
472
408
456
1172
1239
522
526
459
325
426
408
366
432
380
456
564
368
530
259
616
518
413
590
310
394
444
511
592
299
819
909
442
675
717
1046
377
632
1037
352
643
639
557
239
259
214
197
205
395
495
465
491
354
741
435
341
365
826
538
360
430
661
375
555
384
455
388
341
344
327
604
263
392
241
570
390
614
318
591
389
1188
466
611
441
738
1356
650
494
361
446
431
748
392
316
248
472
281
649
489
680
232
550
405
498
303
524
341
303
536
1716
1689
479
493
529
503
6850
389
209
207
368
288
627
503
489
339
1544
1440
1557
354
542
348
633
530
1306
423
418
689
565
338
556
653
481
590
700
311
269
366
359
454
390
512
729
619
2202
4746
564
401
312
563
382
268
433
256
539
341
365
539
453
260
217
210
317
250
320
311
418
396
236
239
331
448
252
439
318
433
289
469
646
308
563
498
400
395
426
258
230
428
352
722
581
603
477
580
470
464
236
453
451
284
746
532
361
282
482
310
261
546
280
428
338
365
369
256
254
650
309
366
271
351
360
272
288
276
531
427
472
611
422
426
1028
422
466
383
214
406
217
226
211
468
313
661
270
325
313
285
564
346
443
466
526
306
1038
227
363
721
434
335
4809
520
324
382
262
607
324
280
238
393
571
258
406
445
456
720
1201
572
481
330
1003
601
270
384
258
276
344
459
253
283
1127
380
234
595
351
433
549
324
371
899
1710
905
707
3586
289
824
431
942
921
497
992
753
691
366
502
285
485
482
411
4037
863
1102
646
388
785
1083
1849
482
565
603
329
1334
288
373
373
263
337
412
560
1886
1011
461
467
527
309
362
243
318
449
347
377
347
461
419
274
225
408
351
454
427
225
495
343
606
452
269
321
288
437
515
441
291
367
285
365
453
355
425
376
786
579
326
521
534
351
551
378
525
383
422
508
580
433
404
298
234
459
525
237
246
467
235
801
413
398
401
1301
1240
392
406
522
567
375
296
292
274
318
492
285
462
313
415
609
1603
557
409
289
283
748
376
1073
526
376
589
1639
512
1015
424
473
224
340
247
427
5981
538
447
417
398
255
652
374
524
405
402
557
385
508
842
503
781
562
333
773
694
1759
5080
762
895
671
16030
105788
527
628
470
403
526
535
618
732
442
253
258
544
446
711
554
401
531
331
264
502
452
464
577
350
350
342
279
299
602
503
5475
478
401
262
355
324
753
862
263
611
584
574
407
486
747
261
1168
1154
481
795
407
785
513
321
243
300
418
232
338
1242
1054
659
527
436
474
533
385
231
273
346
886
574
427
496
527
576
697
315
424
332
233
355
406
743
926
1148
300
660
638
829
411
457
272
446
408
545
303
296
811
750
243
412
572
453
292
766
398
466
407
314
255
318
243
272
229
253
437
460
667
316
311
406
284
3183
1390
658
438
324
426
423
694
340
637
227
614
578
396
897
357
619
410
654
317
286
506
492
325
703
726
344
1295
885
837
480
382
587
425
597
450
505
290
371
360
1130
436
524
406
323
466
312
708
610
681
379
285
270
784
451
283
563
485
1986
642
507
527
688
342
444
751
1018
444
507
347
319
213
642
433
412
657
410
275
333
293
348
622
6568
442
756
941
2017
644
487
326
319
452
617
300
405
570
509
710
651
371
332
310
337
421
411
499
505
544
733
369
523
786
797
786
291
593
333
713
513
333
284
416
986
460
306
396
290
292
331
278
547
319
444
528
417
381
356
442
235
443
368
280
304
334
327
385
374
820
497
533
584
705
436
534
469
328
671
654
661
829
1837
489
477
318
294
391
337
283
310
378
301
388
284
298
380
555
286
250
627
1388
876
294
390
285
397
852
385
1021
474
395
372
348
445
405
920
237
675
184
271
360
383
254
261
228
252
261
269
698
312
278
400
323
224
403
333
318
843
370
380
328
279
432
394
254
1927
227
254
600
314
658
195
274
367
175
266
380
381
416
212
278
439
545
881
315
476
338
386
284
343
381
963
304
404
3788
395
289
444
260
428
396
252
266
388
375
405
659
312
394
296
425
320
213
297
298
349
671
894
227
6183
343
396
544
233
310
292
370
384
461
656
251
198
357
521
259
249
252
414
236
415
205
21493
408
421
409
170
322
483
428
311
188
437
232
290
373
559
293
326
450
499
453
247
215
428
219
256
224
178
260
182
312
210
193
653
433
563
444
1579
771
361
498
359
429
281
271
437
1502
999
613
525
1465
3079
570
1407
534
1728
318
1087
686
349
304
314
700
189
226
303
310
254
270
232
209
416
274
467
421
333
213
314
664
639
929
452
573
370
225
213
248
214
201
252
166
363
390
400
330
321
209
197
431
383
214
326
300
323
336
273
238
318
233
877
781
392
326
542
401
320
3892
513
441
378
355
213
373
573
255
424
466
692
310
569
8775
246
300
422
537
582
319
499
625
328
427
373
634
470
1143
568
276
313
359
517
692
395
308
426
349
265
425
686
276
392
270
284
347
387
608
521
317
416
354
260
282
6486
573
318
553
426
561
458
484
616
719
506
460
366
598
291
392
596
287
408
452
204
365
275
209
206
205
240
205
234
311
323
427
433
375
420
521
368
194
360
3447
238
488
217
294
241
336
286
245
430
349
397
256
258
581
224
691
535
414
214
375
654
295
162
220
224
349
329
217
564
230
246
259
205
194
218
194
169
396
418
1593
365
510
365
228
278
417
845
348
433
328
455
271
392
328
580
686
490
304
478
260
407
670
986
1035
311
299
513
184
487
329
456
247
438
414
482
682
397
373
263
510
291
875
654
583
410
601
471
661
7806
446
477
393
533
551
393
311
165
221
528
208
394
469
143
351
276
159
383
250
330
297
234
243
230
339
825
427
637
516
391
698
336
406
276
579
495
504
311
520
501
331
460
331
290
317
498
434
306
570
277
496
233
348
272
468
268
277
337
261
301
292
445
201
277
404
380
588
275
325
338
285
434
576
730
376
568
527
355
263
926
393
495
765
588
583
223
205
250
10255
220
763
677
399
554
437
433
346
489
1332
604
658
583
692
739
632
804
537
443
437
396
663
476
666
345
466
379
1028
327
299
255
381
330
305
658
260
257
226
319
226
442
614
518
411
685
380
754
4882
421
356
342
284
333
283
1463
452
472
465
519
342
437
444
646
384
522
538
488
324
1133
611
504
432
642
342
651
795
725
433
554
598
722
677
357
227
315
366
349
374
756
652
462
510
343
437
619
356
458
337
595
304
377
477
257
266
483
302
407
437
602
642
362
369
360
373
300
275
253
4396
508
434
259
513
527
315
585
309
562
258
417
381
349
378
558
555
460
553
334
307
352
318
282
156
170
290
399
254
473
372
374
415
718
231
320
266
733
657
324
294
210
655
266
507
265
285
250
330
283
300
219
200
287
218
439
353
256
362
459
446
359
414
455
375
343
404
318
332
308
481
138
307
233
149
484
679
354
565
310
653
269
455
379
392
546
3134
579
418
445
342
312
408
547
260
336
353
272
287
422
260
247
246
579
476
581
337
245
432
395
305
266
273
250
347
316
305
209
286
254
280
327
255
233
441
369
427
192
206
463
436
259
163
247
183
441
2090
632
628
364
252
282
383
231
265
350
179
646
514
472
13551
354
652
447
502
454
510
331
247
380
690
566
473
418
873
640
563
1169
318
399
339
364
524
400
191
325
216
186
523
401
293
337
302
253
596
400
259
430
292
244
297
223
271
421
357
349
409
216
233
220
156
193
186
149
372
192
922
437
439
484
246
274
170
198
317
243
187
637
433
403
430
457
369
270
250
620
201
223
231
200
368
651
220
155
565
809
362
605
349
259
448
265
253
383
247
466
419
211
260
202
263
210
305
606
428
404
175
196
376
235
476
6587
187
214
362
288
473
345
450
145
301
231
186
317
295
285
215
443
318
329
276
236
255
235
405
282
384
271
343
271
718
291
268
607
436
318
250
320
492
712
448
241
656
430
248
277
311
302
273
412
274
369
231
251
204
265
297
208
313
235
239
355
273
623
395
329
696
1603
279
264
198
694
492
146
567
302
478
486
345
468
160
491
315
171
662
329
206
340
236
381
424
288
220
161
562
240
318
192
390
263
401
437
301
455
235
829
296
287
378
473
255
386
404
398
350
476
585
483
1858
393
792
567
268
297
266
237
219
619
360
346
321
386
318
361
297
405
352
440
466
408
